0 0 0
0 0.2 0
0 0.4 0
0 0.6 0
0 0.8 0
0 1   0

0.333333 0 0
0.333333 0.2 0.407265
0.333333 0.4 0.497483
0.333333 0.6 0.607596
0.333333 0.8 0.742007
0.333333 1   0.333333e

0.666667 0 0
0.666667 0.2 0.814524
0.666667 0.4 0.994958
0.666667 0.6 1.21518
0.666667 0.8 1.48401
0.666667 1   0.666667e

1 0 0
1 0.2 1.22177
1 0.4 1.4924
1 0.6 1.82274
1 0.8 2.22599
1  1  e

1.33333 0 0
1.33333 0.2 1.62896
1.33333 0.4 1.98978
1.33333 0.6 2.43023
1.33333 0.8 2.96793
1.33333 1   1.33333e

1.66667 0 0
1.66667 0.2 2.03604
1.66667 0.4 2.48696
1.66667 0.6 3.03751
1.66667 0.8 3.70972
1.66667 1   1.66667e

2 0 0 
2 0.2 
2 0.4 
2 0.6 
2 0.8 
2 1   



