0 0 0
0 0.02 0
0 0.04 0
0 0.06 0
0 0.08 0
0 0.1 0
0 0.12 0
0 0.14 0
0 0.16 0
0 0.18 0
0 0.2 0
0 0.22 0
0 0.24 0
0 0.26 0
0 0.28 0
0 0.3 0
0 0.32 0
0 0.34 0
0 0.36 0
0 0.38 0
0 0.4 0
0 0.42 0
0 0.44 0
0 0.46 0
0 0.48 0
0 0.5 0
0 0.52 0
0 0.54 0
0 0.56 0
0 0.58 0
0 0.6 0
0 0.62 0
0 0.64 0
0 0.66 0
0 0.68 0
0 0.7 0
0 0.72 0
0 0.74 0
0 0.76 0
0 0.78 0
0 0.8 0
0 0.82 0
0 0.84 0
0 0.86 0
0 0.88 0
0 0.9 0
0 0.92 0
0 0.94 0
0 0.96 0
0 0.98 0
0 1 0.0333333

0.0333333 0 0.0333333
0.0333333 0.02 0.0309455
0.0333333 0.04 0.0285757
0.0333333 0.06 0.0262398
0.0333333 0.08 0.0239534
0.0333333 0.1 0.0217317
0.0333333 0.12 0.019589
0.0333333 0.14 0.0175387
0.0333333 0.16 0.0155928
0.0333333 0.18 0.013762
0.0333333 0.2 0.012055
0.0333333 0.22 0.0104792
0.0333333 0.24 0.00904025
0.0333333 0.26 0.00774208
0.0333333 0.28 0.00658725
0.0333333 0.3 0.00557703
0.0333333 0.32 0.00471167
0.0333333 0.34 0.00399071
0.0333333 0.36 0.00341327
0.0333333 0.38 0.00297839
0.0333333 0.4 0.00268538
0.0333333 0.42 0.00253416
0.0333333 0.44 0.00252551
0.0333333 0.46 0.00266138
0.0333333 0.48 0.00294508
0.0333333 0.5 0.00338145
0.0333333 0.52 0.00397695
0.0333333 0.54 0.00473968
0.0333333 0.56 0.00567935
0.0333333 0.58 0.00680714
0.0333333 0.6 0.00813552
0.0333333 0.62 0.009678
0.0333333 0.64 0.0114488
0.0333333 0.66 0.0134623
0.0333333 0.68 0.0157331
0.0333333 0.7 0.0182747
0.0333333 0.72 0.0210999
0.0333333 0.74 0.0242195
0.0333333 0.76 0.0276422
0.0333333 0.78 0.0313739
0.0333333 0.8 0.0354173
0.0333333 0.82 0.0397714
0.0333333 0.84 0.044431
0.0333333 0.86 0.0493866
0.0333333 0.88 0.0546239
0.0333333 0.9 0.0601243
0.0333333 0.92 0.0658644
0.0333333 0.94 0.0718164
0.0333333 0.96 0.0779486
0.0333333 0.98 0.0842256
0.0333333 1 0.0666667

0.0666667 0 0.0666667
0.0666667 0.02 0.0619008
0.0666667 0.04 0.0571709
0.0666667 0.06 0.0525085
0.0666667 0.08 0.0479447
0.0666667 0.1 0.0435096
0.0666667 0.12 0.0392319
0.0666667 0.14 0.035138
0.0666667 0.16 0.031252
0.0666667 0.18 0.027595
0.0666667 0.2 0.0241847
0.0666667 0.22 0.0210358
0.0666667 0.24 0.0181595
0.0666667 0.26 0.0155641
0.0666667 0.28 0.0132546
0.0666667 0.3 0.0112339
0.0666667 0.32 0.00950254
0.0666667 0.34 0.0080599
0.0666667 0.36 0.0069044
0.0666667 0.38 0.00603434
0.0666667 0.4 0.00544854
0.0666667 0.42 0.00514697
0.0666667 0.44 0.00513136
0.0666667 0.46 0.00540572
0.0666667 0.48 0.00597673
0.0666667 0.5 0.0068541
0.0666667 0.52 0.00805072
0.0666667 0.54 0.00958274
0.0666667 0.56 0.0114695
0.0666667 0.58 0.0137331
0.0666667 0.6 0.0163984
0.0666667 0.62 0.0194921
0.0666667 0.64 0.0230424
0.0666667 0.66 0.0270779
0.0666667 0.68 0.0316271
0.0666667 0.7 0.0367172
0.0666667 0.72 0.0423729
0.0666667 0.74 0.0486158
0.0666667 0.76 0.055463
0.0666667 0.78 0.062926
0.0666667 0.8 0.0710098
0.0666667 0.82 0.0797123
0.0666667 0.84 0.0890228
0.0666667 0.86 0.0989224
0.0666667 0.88 0.109383
0.0666667 0.9 0.120366
0.0666667 0.92 0.131827
0.0666667 0.94 0.143709
0.0666667 0.96 0.155949
0.0666667 0.98 0.168478
0.0666667 1 0.1

0.1 0 0.1
0.1 0.02 0.0928645
0.1 0.04 0.085783
0.1 0.06 0.0788023
0.1 0.08 0.0719689
0.1 0.1 0.0653277
0.1 0.12 0.0589216
0.1 0.14 0.05279
0.1 0.16 0.0469689
0.1 0.18 0.0414897
0.1 0.2 0.0363793
0.1 0.22 0.0316596
0.1 0.24 0.0273477
0.1 0.26 0.0234557
0.1 0.28 0.0199919
0.1 0.3 0.0169605
0.1 0.32 0.0143628
0.1 0.34 0.0121979
0.1 0.36 0.010464
0.1 0.38 0.00915862
0.1 0.4 0.00828033
0.1 0.42 0.00782931
0.1 0.44 0.00780834
0.1 0.46 0.00822357
0.1 0.48 0.00908512
0.1 0.5 0.0104076
0.1 0.52 0.0122103
0.1 0.54 0.0145174
0.1 0.56 0.0173576
0.1 0.58 0.0207641
0.1 0.6 0.0247737
0.1 0.62 0.0294262
0.1 0.64 0.0347635
0.1 0.66 0.0408283
0.1 0.68 0.0476626
0.1 0.7 0.0553068
0.1 0.72 0.0637977
0.1 0.74 0.0731671
0.1 0.76 0.0834401
0.1 0.78 0.0946337
0.1 0.8 0.106755
0.1 0.82 0.119801
0.1 0.84 0.133755
0.1 0.86 0.148588
0.1 0.88 0.164259
0.1 0.9 0.180711
0.1 0.92 0.197874
0.1 0.94 0.215667
0.1 0.96 0.233994
0.1 0.98 0.252753
0.1 1 0.133333

0.133333 0 0.133333
0.133333 0.02 0.123836
0.133333 0.04 0.11441
0.133333 0.06 0.105118
0.133333 0.08 0.0960213
0.133333 0.1 0.0871803
0.133333 0.12 0.0786513
0.133333 0.14 0.0704871
0.133333 0.16 0.0627351
0.133333 0.18 0.0554374
0.133333 0.2 0.0486297
0.133333 0.22 0.0423413
0.133333 0.24 0.0365949
0.133333 0.26 0.0314074
0.133333 0.28 0.0267895
0.133333 0.3 0.0227473
0.133333 0.32 0.019283
0.133333 0.34 0.0163957
0.133333 0.36 0.014083
0.133333 0.38 0.0123423
0.133333 0.4 0.0111719
0.133333 0.42 0.0105724
0.133333 0.44 0.0105475
0.133333 0.46 0.0111058
0.133333 0.48 0.0122607
0.133333 0.5 0.0140319
0.133333 0.52 0.016445
0.133333 0.54 0.0195321
0.133333 0.56 0.0233314
0.133333 0.58 0.0278868
0.133333 0.6 0.0332471
0.133333 0.62 0.039465
0.133333 0.64 0.0465958
0.133333 0.66 0.0546958
0.133333 0.68 0.0638209
0.133333 0.7 0.0740241
0.133333 0.72 0.085354
0.133333 0.74 0.0978524
0.133333 0.76 0.111552
0.133333 0.78 0.126476
0.133333 0.8 0.142632
0.133333 0.82 0.160017
0.133333 0.84 0.178607
0.133333 0.86 0.198366
0.133333 0.88 0.219236
0.133333 0.9 0.241143
0.133333 0.92 0.263994
0.133333 0.94 0.287681
0.133333 0.96 0.312078
0.133333 0.98 0.337047
0.133333 1 0.166667

0.166667 0 0.166667
0.166667 0.02 0.154813
0.166667 0.04 0.143048
0.166667 0.06 0.131451
0.166667 0.08 0.120098
0.166667 0.1 0.109062
0.166667 0.12 0.0984151
0.166667 0.14 0.0882223
0.166667 0.16 0.0785432
0.166667 0.18 0.0694299
0.166667 0.2 0.0609273
0.166667 0.22 0.0530719
0.166667 0.24 0.0458925
0.166667 0.26 0.03941
0.166667 0.28 0.0336384
0.166667 0.3 0.0285855
0.166667 0.32 0.0242544
0.166667 0.34 0.0206444
0.166667 0.36 0.017753
0.166667 0.38 0.0155771
0.166667 0.4 0.0141151
0.166667 0.42 0.0133677
0.166667 0.44 0.0133404
0.166667 0.46 0.0140436
0.166667 0.48 0.0154945
0.166667 0.5 0.0177175
0.166667 0.52 0.0207448
0.166667 0.54 0.0246162
0.166667 0.56 0.0293794
0.166667 0.58 0.0350888
0.166667 0.6 0.0418052
0.166667 0.62 0.0495939
0.166667 0.64 0.0585236
0.166667 0.66 0.0686642
0.166667 0.68 0.0800847
0.166667 0.7 0.0928509
0.166667 0.72 0.107023
0.166667 0.74 0.122652
0.166667 0.76 0.13978
0.166667 0.78 0.158433
0.166667 0.8 0.178622
0.166667 0.82 0.200341
0.166667 0.84 0.223563
0.166667 0.86 0.248239
0.166667 0.88 0.274299
0.166667 0.9 0.30165
0.166667 0.92 0.330177
0.166667 0.94 0.359744
0.166667 0.96 0.390195
0.166667 0.98 0.421358
0.166667 1 0.2

0.2 0 0.2
0.2 0.02 0.185795
0.2 0.04 0.171697
0.2 0.06 0.1578
0.2 0.08 0.144194
0.2 0.1 0.130968
0.2 0.12 0.118207
0.2 0.14 0.10599
0.2 0.16 0.0943862
0.2 0.18 0.08346
0.2 0.2 0.0732645
0.2 0.22 0.0638437
0.2 0.24 0.0552322
0.2 0.26 0.0474554
0.2 0.28 0.0405304
0.2 0.3 0.034467
0.2 0.32 0.029269
0.2 0.34 0.0249363
0.2 0.36 0.0214661
0.2 0.38 0.0188552
0.2 0.4 0.0171019
0.2 0.42 0.0162077
0.2 0.44 0.016179
0.2 0.46 0.0170289
0.2 0.48 0.0187779
0.2 0.5 0.0214555
0.2 0.52 0.0251002
0.2 0.54 0.0297596
0.2 0.56 0.0354907
0.2 0.58 0.0423585
0.2 0.6 0.0504355
0.2 0.62 0.0597997
0.2 0.64 0.0705328
0.2 0.66 0.0827181
0.2 0.68 0.096438
0.2 0.7 0.111771
0.2 0.72 0.128787
0.2 0.74 0.147549
0.2 0.76 0.168105
0.2 0.78 0.190487
0.2 0.8 0.214707
0.2 0.82 0.240757
0.2 0.84 0.268604
0.2 0.86 0.298191
0.2 0.88 0.329433
0.2 0.9 0.362219
0.2 0.92 0.396411
0.2 0.94 0.431846
0.2 0.96 0.468339
0.2 0.98 0.505683
0.2 1 0.233333

0.233333 0 0.233333
0.233333 0.02 0.216782
0.233333 0.04 0.200355
0.233333 0.06 0.184161
0.233333 0.08 0.168307
0.233333 0.1 0.152894
0.233333 0.12 0.138023
0.233333 0.14 0.123783
0.233333 0.16 0.110258
0.233333 0.18 0.0975212
0.233333 0.2 0.0856344
0.233333 0.22 0.0746494
0.233333 0.24 0.0646068
0.233333 0.26 0.0555363
0.233333 0.28 0.0474582
0.233333 0.3 0.0403843
0.233333 0.32 0.0343196
0.233333 0.34 0.0292641
0.233333 0.36 0.0252153
0.233333 0.38 0.0221696
0.233333 0.4 0.0201255
0.233333 0.42 0.0190851
0.233333 0.44 0.0190563
0.233333 0.46 0.0200542
0.233333 0.48 0.0221033
0.233333 0.5 0.0252378
0.233333 0.52 0.0295025
0.233333 0.54 0.034953
0.233333 0.56 0.0416554
0.233333 0.58 0.0496852
0.233333 0.6 0.0591266
0.233333 0.62 0.07007
0.233333 0.64 0.0826103
0.233333 0.66 0.096844
0.233333 0.68 0.112866
0.233333 0.7 0.130768
0.233333 0.72 0.150631
0.233333 0.74 0.172527
0.233333 0.76 0.196512
0.233333 0.78 0.222621
0.233333 0.8 0.25087
0.233333 0.82 0.281249
0.233333 0.84 0.313718
0.233333 0.86 0.34821
0.233333 0.88 0.384628
0.233333 0.9 0.42284
0.233333 0.92 0.462688
0.233333 0.94 0.503982
0.233333 0.96 0.546506
0.233333 0.98 0.59002
0.233333 1 0.266667

0.266667 0 0.266667
0.266667 0.02 0.247772
0.266667 0.04 0.22902
0.266667 0.06 0.210533
0.266667 0.08 0.192433
0.266667 0.1 0.174837
0.266667 0.12 0.157858
0.266667 0.14 0.141598
0.266667 0.16 0.126154
0.266667 0.18 0.111608
0.266667 0.2 0.098031
0.266667 0.22 0.0854829
0.266667 0.24 0.0740098
0.266667 0.26 0.0636462
0.266667 0.28 0.0544153
0.266667 0.3 0.0463312
0.266667 0.32 0.0393997
0.266667 0.34 0.0336216
0.266667 0.36 0.0289941
0.266667 0.38 0.025514
0.266667 0.4 0.0231796
0.266667 0.42 0.0219937
0.266667 0.44 0.0219656
0.266667 0.46 0.023113
0.266667 0.48 0.0254637
0.266667 0.5 0.029057
0.266667 0.52 0.033944
0.266667 0.54 0.0401882
0.266667 0.56 0.0478646
0.266667 0.58 0.0570595
0.266667 0.6 0.0678684
0.266667 0.62 0.0803942
0.266667 0.64 0.0947446
0.266667 0.66 0.11103
0.266667 0.68 0.129357
0.266667 0.7 0.14983
0.266667 0.72 0.172541
0.266667 0.74 0.197572
0.266667 0.76 0.224986
0.266667 0.78 0.254822
0.266667 0.8 0.287099
0.266667 0.82 0.321803
0.266667 0.84 0.35889
0.266667 0.86 0.398284
0.266667 0.88 0.439871
0.266667 0.9 0.483504
0.266667 0.92 0.529001
0.266667 0.94 0.576145
0.266667 0.96 0.624691
0.266667 0.98 0.674366
0.266667 1 0.3

0.3 0 0.3
0.3 0.02 0.278765
0.3 0.04 0.25769
0.3 0.06 0.236913
0.3 0.08 0.21657
0.3 0.1 0.196793
0.3 0.12 0.177708
0.3 0.14 0.159431
0.3 0.16 0.142068
0.3 0.18 0.125714
0.3 0.2 0.110449
0.3 0.22 0.0963388
0.3 0.24 0.0834359
0.3 0.26 0.0717795
0.3 0.28 0.0613962
0.3 0.3 0.0523018
0.3 0.32 0.0445038
0.3 0.34 0.0380031
0.3 0.36 0.0327972
0.3 0.38 0.0288828
0.3 0.4 0.0262585
0.3 0.42 0.0249277
0.3 0.44 0.0249012
0.3 0.46 0.0261991
0.3 0.48 0.0288529
0.3 0.5 0.0329066
0.3 0.52 0.0384178
0.3 0.54 0.0454577
0.3 0.56 0.0541105
0.3 0.58 0.0644729
0.3 0.6 0.0766518
0.3 0.62 0.0907624
0.3 0.64 0.106926
0.3 0.66 0.125264
0.3 0.68 0.145898
0.3 0.7 0.168944
0.3 0.72 0.194505
0.3 0.74 0.222672
0.3 0.76 0.253514
0.3 0.78 0.287078
0.3 0.8 0.32338
0.3 0.82 0.362408
0.3 0.84 0.40411
0.3 0.86 0.448401
0.3 0.88 0.495154
0.3 0.9 0.544202
0.3 0.92 0.595342
0.3 0.94 0.64833
0.3 0.96 0.702891
0.3 0.98 0.758719
0.3 1 0.333333

0.333333 0 0.333333
0.333333 0.02 0.30976
0.333333 0.04 0.286365
0.333333 0.06 0.2633
0.333333 0.08 0.240716
0.333333 0.1 0.21876
0.333333 0.12 0.19757
0.333333 0.14 0.177277
0.333333 0.16 0.157998
0.333333 0.18 0.139837
0.333333 0.2 0.122884
0.333333 0.22 0.107212
0.333333 0.24 0.0928803
0.333333 0.26 0.0799315
0.333333 0.28 0.0683959
0.333333 0.3 0.0582916
0.333333 0.32 0.0496271
0.333333 0.34 0.0424039
0.333333 0.36 0.0366198
0.333333 0.38 0.0322714
0.333333 0.4 0.0293575
0.333333 0.42 0.0278824
0.333333 0.44 0.0278582
0.333333 0.46 0.0293075
0.333333 0.48 0.0322654
0.333333 0.5 0.036781
0.333333 0.52 0.0429179
0.333333 0.54 0.0507552
0.333333 0.56 0.0603863
0.333333 0.58 0.0719181
0.333333 0.6 0.085469
0.333333 0.62 0.101167
0.333333 0.64 0.119144
0.333333 0.66 0.139538
0.333333 0.68 0.162481
0.333333 0.7 0.188101
0.333333 0.72 0.216513
0.333333 0.74 0.247815
0.333333 0.76 0.282086
0.333333 0.78 0.319376
0.333333 0.8 0.359704
0.333333 0.82 0.403053
0.333333 0.84 0.449369
0.333333 0.86 0.498554
0.333333 0.88 0.550468
0.333333 0.9 0.604928
0.333333 0.92 0.661705
0.333333 0.94 0.720532
0.333333 0.96 0.781103
0.333333 0.98 0.843079
0.333333 1 0.366667

0.366667 0 0.366667
0.366667 0.02 0.340757
0.366667 0.04 0.315043
0.366667 0.06 0.289691
0.366667 0.08 0.264868
0.366667 0.1 0.240734
0.366667 0.12 0.217442
0.366667 0.14 0.195134
0.366667 0.16 0.17394
0.366667 0.18 0.153973
0.366667 0.2 0.135333
0.366667 0.22 0.1181
0.366667 0.24 0.102339
0.366667 0.26 0.0880982
0.366667 0.28 0.0754105
0.366667 0.3 0.0642964
0.366667 0.32 0.0547655
0.366667 0.34 0.0468201
0.366667 0.36 0.0404578
0.366667 0.38 0.0356756
0.366667 0.4 0.0324726
0.366667 0.42 0.0308536
0.366667 0.44 0.0308323
0.366667 0.46 0.0324338
0.366667 0.48 0.0356968
0.366667 0.5 0.0406752
0.366667 0.52 0.0474392
0.366667 0.54 0.0560753
0.366667 0.56 0.0666861
0.366667 0.58 0.0793888
0.366667 0.6 0.0943133
0.366667 0.62 0.111599
0.366667 0.64 0.131393
0.366667 0.66 0.153844
0.366667 0.68 0.179097
0.366667 0.7 0.207291
0.366667 0.72 0.238555
0.366667 0.74 0.272994
0.366667 0.76 0.310694
0.366667 0.78 0.35171
0.366667 0.8 0.396061
0.366667 0.82 0.443731
0.366667 0.84 0.494658
0.366667 0.86 0.548735
0.366667 0.88 0.605808
0.366667 0.9 0.665675
0.366667 0.92 0.728086
0.366667 0.94 0.792748
0.366667 0.96 0.859324
0.366667 0.98 0.927443
0.366667 1 0.4

0.4 0 0.4
0.4 0.02 0.371755
0.4 0.04 0.343724
0.4 0.06 0.316087
0.4 0.08 0.289026
0.4 0.1 0.262715
0.4 0.12 0.237322
0.4 0.14 0.213
0.4 0.16 0.18989
0.4 0.18 0.168119
0.4 0.2 0.147792
0.4 0.22 0.128998
0.4 0.24 0.111809
0.4 0.26 0.0962762
0.4 0.28 0.0824367
0.4 0.3 0.0703129
0.4 0.32 0.0599158
0.4 0.34 0.0512481
0.4 0.36 0.044308
0.4 0.38 0.0390922
0.4 0.4 0.0356003
0.4 0.42 0.0338378
0.4 0.44 0.03382
0.4 0.46 0.0355743
0.4 0.48 0.0391431
0.4 0.5 0.0445852
0.4 0.52 0.0519771
0.4 0.54 0.0614132
0.4 0.56 0.0730049
0.4 0.58 0.0868798
0.4 0.6 0.103179
0.4 0.62 0.122055
0.4 0.64 0.143666
0.4 0.66 0.168174
0.4 0.68 0.195738
0.4 0.7 0.226509
0.4 0.72 0.260624
0.4 0.74 0.2982
0.4 0.76 0.339329
0.4 0.78 0.38407
0.4 0.8 0.432445
0.4 0.82 0.484434
0.4 0.84 0.53997
0.4 0.86 0.598937
0.4 0.88 0.661167
0.4 0.9 0.726439
0.4 0.92 0.794482
0.4 0.94 0.864975
0.4 0.96 0.937553
0.4 0.98 1.01181
0.4 1 0.433333

0.433333 0 0.433333
0.433333 0.02 0.402755
0.433333 0.04 0.372407
0.433333 0.06 0.342486
0.433333 0.08 0.313188
0.433333 0.1 0.284701
0.433333 0.12 0.257207
0.433333 0.14 0.230871
0.433333 0.16 0.205848
0.433333 0.18 0.182272
0.433333 0.2 0.160259
0.433333 0.22 0.139905
0.433333 0.24 0.121287
0.433333 0.26 0.104463
0.433333 0.28 0.0894718
0.433333 0.3 0.0763384
0.433333 0.32 0.0650751
0.433333 0.34 0.0556854
0.433333 0.36 0.0481675
0.433333 0.38 0.0425184
0.433333 0.4 0.0387378
0.433333 0.42 0.0368322
0.433333 0.44 0.0368182
0.433333 0.46 0.0387258
0.433333 0.48 0.042601
0.433333 0.5 0.0485076
0.433333 0.52 0.0565283
0.433333 0.54 0.0667651
0.433333 0.56 0.0793386
0.433333 0.58 0.0943867
0.433333 0.6 0.112062
0.433333 0.62 0.132528
0.433333 0.64 0.155958
0.433333 0.66 0.182524
0.433333 0.68 0.2124
0.433333 0.7 0.245747
0.433333 0.72 0.282714
0.433333 0.74 0.323427
0.433333 0.76 0.367985
0.433333 0.78 0.416451
0.433333 0.8 0.468849
0.433333 0.82 0.525157
0.433333 0.84 0.585301
0.433333 0.86 0.649157
0.433333 0.88 0.716541
0.433333 0.9 0.787216
0.433333 0.92 0.860888
0.433333 0.94 0.93721
0.433333 0.96 1.01579
0.433333 0.98 1.09618
0.433333 1 0.466667

0.466667 0 0.466667
0.466667 0.02 0.433755
0.466667 0.04 0.401091
0.466667 0.06 0.368887
0.466667 0.08 0.337353
0.466667 0.1 0.306691
0.466667 0.12 0.277096
0.466667 0.14 0.248748
0.466667 0.16 0.221811
0.466667 0.18 0.196431
0.466667 0.2 0.172732
0.466667 0.22 0.150818
0.466667 0.24 0.130772
0.466667 0.26 0.112656
0.466667 0.28 0.0965136
0.466667 0.3 0.0823707
0.466667 0.32 0.0702415
0.466667 0.34 0.0601298
0.466667 0.36 0.0520342
0.466667 0.38 0.0459519
0.466667 0.4 0.0418828
0.466667 0.42 0.0398343
0.466667 0.44 0.0398245
0.466667 0.46 0.0418859
0.466667 0.48 0.046068
0.466667 0.5 0.0524396
0.466667 0.52 0.0610897
0.466667 0.54 0.0721279
0.466667 0.56 0.0856839
0.466667 0.58 0.101906
0.466667 0.6 0.120958
0.466667 0.62 0.143015
0.466667 0.64 0.168264
0.466667 0.66 0.19689
0.466667 0.68 0.229077
0.466667 0.7 0.265001
0.466667 0.72 0.304821
0.466667 0.74 0.348671
0.466667 0.76 0.396658
0.466667 0.78 0.448849
0.466667 0.8 0.505269
0.466667 0.82 0.565894
0.466667 0.84 0.630646
0.466667 0.86 0.699389
0.466667 0.88 0.771926
0.466667 0.9 0.848003
0.466667 0.92 0.927302
0.466667 0.94 1.00945
0.466667 0.96 1.09402
0.466667 0.98 1.18055
0.466667 1 0.5

0.5 0 0.5
0.5 0.02 0.464756
0.5 0.04 0.429777
0.5 0.06 0.39529
0.5 0.08 0.36152
0.5 0.1 0.328684
0.5 0.12 0.296989
0.5 0.14 0.266628
0.5 0.16 0.237778
0.5 0.18 0.210594
0.5 0.2 0.185209
0.5 0.22 0.161736
0.5 0.24 0.140262
0.5 0.26 0.120855
0.5 0.28 0.103561
0.5 0.3 0.0884082
0.5 0.32 0.075413
0.5 0.34 0.0645795
0.5 0.36 0.0559063
0.5 0.38 0.0493909
0.5 0.4 0.0450336
0.5 0.42 0.0428425
0.5 0.44 0.0428371
0.5 0.46 0.0450525
0.5 0.48 0.0495419
0.5 0.5 0.0563789
0.5 0.52 0.0656588
0.5 0.54 0.077499
0.5 0.56 0.092038
0.5 0.58 0.109434
0.5 0.6 0.129863
0.5 0.62 0.153513
0.5 0.64 0.180581
0.5 0.66 0.211266
0.5 0.68 0.245766
0.5 0.7 0.284268
0.5 0.72 0.32694
0.5 0.74 0.373927
0.5 0.76 0.425343
0.5 0.78 0.481258
0.5 0.8 0.5417
0.5 0.82 0.606643
0.5 0.84 0.676001
0.5 0.86 0.74963
0.5 0.88 0.82732
0.5 0.9 0.908797
0.5 0.92 0.993722
0.5 0.94 1.0817
0.5 0.96 1.17227
0.5 0.98 1.26493
0.5 1 0.533333

0.533333 0 0.533333
0.533333 0.02 0.495757
0.533333 0.04 0.458463
0.533333 0.06 0.421694
0.533333 0.08 0.385689
0.533333 0.1 0.350678
0.533333 0.12 0.316884
0.533333 0.14 0.284511
0.533333 0.16 0.253748
0.533333 0.18 0.22476
0.533333 0.2 0.19769
0.533333 0.22 0.172657
0.533333 0.24 0.149755
0.533333 0.26 0.129057
0.533333 0.28 0.110611
0.533333 0.3 0.0944495
0.533333 0.32 0.0805884
0.533333 0.34 0.0690331
0.533333 0.36 0.0597825
0.533333 0.38 0.0528341
0.533333 0.4 0.0481887
0.533333 0.42 0.0458551
0.533333 0.44 0.0458544
0.533333 0.46 0.0482241
0.533333 0.48 0.0530211
0.533333 0.5 0.0603238
0.533333 0.52 0.0702339
0.533333 0.54 0.0828763
0.533333 0.56 0.0983989
0.533333 0.58 0.11697
0.533333 0.6 0.138777
0.533333 0.62 0.164019
0.533333 0.64 0.192906
0.533333 0.66 0.225652
0.533333 0.68 0.262465
0.533333 0.7 0.303543
0.533333 0.72 0.349068
0.533333 0.74 0.399193
0.533333 0.76 0.454037
0.533333 0.78 0.513677
0.533333 0.8 0.57814
0.533333 0.82 0.6474
0.533333 0.84 0.721364
0.533333 0.86 0.799879
0.533333 0.88 0.882721
0.533333 0.9 0.969596
0.533333 0.92 1.06015
0.533333 0.94 1.15395
0.533333 0.96 1.25051
0.533333 0.98 1.3493
0.533333 1 0.566667

0.566667 0 0.566667
0.566667 0.02 0.526758
0.566667 0.04 0.487151
0.566667 0.06 0.4481
0.566667 0.08 0.409859
0.566667 0.1 0.372674
0.566667 0.12 0.33678
0.566667 0.14 0.302396
0.566667 0.16 0.26972
0.566667 0.18 0.238928
0.566667 0.2 0.210173
0.566667 0.22 0.183581
0.566667 0.24 0.159251
0.566667 0.26 0.137262
0.566667 0.28 0.117664
0.566667 0.3 0.100494
0.566667 0.32 0.0857667
0.566667 0.34 0.0734896
0.566667 0.36 0.0636616
0.566667 0.38 0.0562804
0.566667 0.4 0.051347
0.566667 0.42 0.048871
0.566667 0.44 0.0488752
0.566667 0.46 0.0513994
0.566667 0.48 0.0565041
0.566667 0.5 0.0642728
0.566667 0.52 0.0748134
0.566667 0.54 0.0882584
0.566667 0.56 0.104765
0.566667 0.58 0.124511
0.566667 0.6 0.147695
0.566667 0.62 0.17453
0.566667 0.64 0.205238
0.566667 0.66 0.240043
0.566667 0.68 0.279169
0.566667 0.7 0.322826
0.566667 0.72 0.371203
0.566667 0.74 0.424465
0.566667 0.76 0.482738
0.566667 0.78 0.546102
0.566667 0.8 0.614587
0.566667 0.82 0.688163
0.566667 0.84 0.766733
0.566667 0.86 0.850133
0.566667 0.88 0.938126
0.566667 0.9 1.0304
0.566667 0.92 1.12657
0.566667 0.94 1.2262
0.566667 0.96 1.32876
0.566667 0.98 1.43368
0.566667 1 0.6

0.6 0 0.6
0.6 0.02 0.55776
0.6 0.04 0.515838
0.6 0.06 0.474506
0.6 0.08 0.43403
0.6 0.1 0.394671
0.6 0.12 0.356678
0.6 0.14 0.320282
0.6 0.16 0.285693
0.6 0.18 0.253098
0.6 0.2 0.222658
0.6 0.22 0.194506
0.6 0.24 0.168749
0.6 0.26 0.145468
0.6 0.28 0.12472
0.6 0.3 0.10654
0.6 0.32 0.090947
0.6 0.34 0.0779482
0.6 0.36 0.067543
0.6 0.38 0.059729
0.6 0.4 0.0545076
0.6 0.42 0.0518894
0.6 0.44 0.0518985
0.6 0.46 0.0545773
0.6 0.48 0.05999
0.6 0.5 0.0682249
0.6 0.52 0.0793961
0.6 0.54 0.093644
0.6 0.56 0.111134
0.6 0.58 0.132056
0.6 0.6 0.156618
0.6 0.62 0.185046
0.6 0.64 0.217574
0.6 0.66 0.25444
0.6 0.68 0.295879
0.6 0.7 0.342113
0.6 0.72 0.393344
0.6 0.74 0.449743
0.6 0.76 0.511444
0.6 0.78 0.578532
0.6 0.8 0.651038
0.6 0.82 0.72893
0.6 0.84 0.812106
0.6 0.86 0.900391
0.6 0.88 0.993534
0.6 0.9 1.09121
0.6 0.92 1.193
0.6 0.94 1.29845
0.6 0.96 1.407
0.6 0.98 1.51806
0.6 1 0.633333

0.633333 0 0.633333
0.633333 0.02 0.588762
0.633333 0.04 0.544526
0.633333 0.06 0.500912
0.633333 0.08 0.458201
0.633333 0.1 0.416669
0.633333 0.12 0.376577
0.633333 0.14 0.33817
0.633333 0.16 0.301668
0.633333 0.18 0.267269
0.633333 0.2 0.235144
0.633333 0.22 0.205433
0.633333 0.24 0.178248
0.633333 0.26 0.153676
0.633333 0.28 0.131777
0.633333 0.3 0.112587
0.633333 0.32 0.0961288
0.633333 0.34 0.0824084
0.633333 0.36 0.0714259
0.633333 0.38 0.0631791
0.633333 0.4 0.05767
0.633333 0.42 0.0549095
0.633333 0.44 0.0549237
0.633333 0.46 0.0577573
0.633333 0.48 0.063478
0.633333 0.5 0.0721792
0.633333 0.52 0.0839812
0.633333 0.54 0.0990321
0.633333 0.56 0.117507
0.633333 0.58 0.139604
0.633333 0.6 0.165544
0.633333 0.62 0.195565
0.633333 0.64 0.229913
0.633333 0.66 0.26884
0.633333 0.68 0.312592
0.633333 0.7 0.361404
0.633333 0.72 0.415487
0.633333 0.74 0.475024
0.633333 0.76 0.540153
0.633333 0.78 0.610966
0.633333 0.8 0.687493
0.633333 0.82 0.769701
0.633333 0.84 0.857482
0.633333 0.86 0.950651
0.633333 0.88 1.04894
0.633333 0.9 1.15201
0.633333 0.92 1.25944
0.633333 0.94 1.3707
0.633333 0.96 1.48525
0.633333 0.98 1.60244
0.633333 1 0.666667

0.666667 0 0.666667
0.666667 0.02 0.619764
0.666667 0.04 0.573215
0.666667 0.06 0.527319
0.666667 0.08 0.482373
0.666667 0.1 0.438667
0.666667 0.12 0.396477
0.666667 0.14 0.356057
0.666667 0.16 0.317643
0.666667 0.18 0.281441
0.666667 0.2 0.247631
0.666667 0.22 0.21636
0.666667 0.24 0.187748
0.666667 0.26 0.161885
0.666667 0.28 0.138834
0.666667 0.3 0.118636
0.666667 0.32 0.101312
0.666667 0.34 0.0868696
0.666667 0.36 0.0753099
0.666667 0.38 0.0666304
0.666667 0.4 0.0608335
0.666667 0.42 0.057931
0.666667 0.44 0.0579502
0.666667 0.46 0.0609387
0.666667 0.48 0.0669676
0.666667 0.5 0.0761352
0.666667 0.52 0.0885681
0.666667 0.54 0.104422
0.666667 0.56 0.123881
0.666667 0.58 0.147154
0.666667 0.6 0.174472
0.666667 0.62 0.206086
0.666667 0.64 0.242255
0.666667 0.66 0.283242
0.666667 0.68 0.329308
0.666667 0.7 0.380697
0.666667 0.72 0.437634
0.666667 0.74 0.500307
0.666667 0.76 0.568865
0.666667 0.78 0.643402
0.666667 0.8 0.72395
0.666667 0.82 0.810473
0.666667 0.84 0.902859
0.666667 0.86 1.00091
0.666667 0.88 1.10436
0.666667 0.9 1.21282
0.666667 0.92 1.32587
0.666667 0.94 1.44296
0.666667 0.96 1.5635
0.666667 0.98 1.68681
0.666667 1 0.7

0.7 0 0.7
0.7 0.02 0.650766
0.7 0.04 0.601903
0.7 0.06 0.553725
0.7 0.08 0.506545
0.7 0.1 0.460666
0.7 0.12 0.416377
0.7 0.14 0.373946
0.7 0.16 0.333619
0.7 0.18 0.295614
0.7 0.2 0.260118
0.7 0.22 0.227288
0.7 0.24 0.197249
0.7 0.26 0.170095
0.7 0.28 0.145893
0.7 0.3 0.124685
0.7 0.32 0.106495
0.7 0.34 0.0913316
0.7 0.36 0.0791947
0.7 0.38 0.0700826
0.7 0.4 0.0639979
0.7 0.42 0.0609533
0.7 0.44 0.0609778
0.7 0.46 0.0641211
0.7 0.48 0.0704582
0.7 0.5 0.0800922
0.7 0.52 0.0931562
0.7 0.54 0.109813
0.7 0.56 0.130256
0.7 0.58 0.154705
0.7 0.6 0.183402
0.7 0.62 0.216609
0.7 0.64 0.254598
0.7 0.66 0.297646
0.7 0.68 0.346025
0.7 0.7 0.399992
0.7 0.72 0.459782
0.7 0.74 0.525593
0.7 0.76 0.597579
0.7 0.78 0.675839
0.7 0.8 0.760409
0.7 0.82 0.851248
0.7 0.84 0.948239
0.7 0.86 1.05118
0.7 0.88 1.15977
0.7 0.9 1.27364
0.7 0.92 1.3923
0.7 0.94 1.51522
0.7 0.96 1.64175
0.7 0.98 1.77119
0.7 1 0.733333

0.733333 0 0.733333
0.733333 0.02 0.681769
0.733333 0.04 0.630592
0.733333 0.06 0.580133
0.733333 0.08 0.530718
0.733333 0.1 0.482665
0.733333 0.12 0.436277
0.733333 0.14 0.391834
0.733333 0.16 0.349595
0.733333 0.18 0.309787
0.733333 0.2 0.272606
0.733333 0.22 0.238217
0.733333 0.24 0.20675
0.733333 0.26 0.178305
0.733333 0.28 0.152952
0.733333 0.3 0.130735
0.733333 0.32 0.111679
0.733333 0.34 0.0957941
0.733333 0.36 0.08308
0.733333 0.38 0.0735353
0.733333 0.4 0.0671629
0.733333 0.42 0.0639763
0.733333 0.44 0.064006
0.733333 0.46 0.0673042
0.733333 0.48 0.0739496
0.733333 0.5 0.0840502
0.733333 0.52 0.0977451
0.733333 0.54 0.115205
0.733333 0.56 0.136633
0.733333 0.58 0.162257
0.733333 0.6 0.192333
0.733333 0.62 0.227133
0.733333 0.64 0.266943
0.733333 0.66 0.312051
0.733333 0.68 0.362744
0.733333 0.7 0.419289
0.733333 0.72 0.481931
0.733333 0.74 0.55088
0.733333 0.76 0.626294
0.733333 0.78 0.708278
0.733333 0.8 0.796868
0.733333 0.82 0.892023
0.733333 0.84 0.993619
0.733333 0.86 1.10144
0.733333 0.88 1.21518
0.733333 0.9 1.33445
0.733333 0.92 1.45874
0.733333 0.94 1.58747
0.733333 0.96 1.71999
0.733333 0.98 1.85557
0.733333 1 0.766667

0.766667 0 0.766667
0.766667 0.02 0.712771
0.766667 0.04 0.65928
0.766667 0.06 0.60654
0.766667 0.08 0.554891
0.766667 0.1 0.504664
0.766667 0.12 0.456177
0.766667 0.14 0.409723
0.766667 0.16 0.365572
0.766667 0.18 0.32396
0.766667 0.2 0.285095
0.766667 0.22 0.249146
0.766667 0.24 0.216252
0.766667 0.26 0.186515
0.766667 0.28 0.160011
0.766667 0.3 0.136785
0.766667 0.32 0.116864
0.766667 0.34 0.100257
0.766667 0.36 0.0869658
0.766667 0.38 0.0769885
0.766667 0.4 0.0703284
0.766667 0.42 0.0669998
0.766667 0.44 0.0670347
0.766667 0.46 0.0704879
0.766667 0.48 0.0774416
0.766667 0.5 0.0880087
0.766667 0.52 0.102335
0.766667 0.54 0.120598
0.766667 0.56 0.14301
0.766667 0.58 0.16981
0.766667 0.6 0.201264
0.766667 0.62 0.237658
0.766667 0.64 0.279288
0.766667 0.66 0.326458
0.766667 0.68 0.379463
0.766667 0.7 0.438586
0.766667 0.72 0.504082
0.766667 0.74 0.576167
0.766667 0.76 0.65501
0.766667 0.78 0.740718
0.766667 0.8 0.833329
0.766667 0.82 0.9328
0.766667 0.84 1.039
0.766667 0.86 1.15171
0.766667 0.88 1.2706
0.766667 0.9 1.39526
0.766667 0.92 1.52517
0.766667 0.94 1.65973
0.766667 0.96 1.79824
0.766667 0.98 1.93995
0.766667 1 0.8

0.8 0 0.8
0.8 0.02 0.743773
0.8 0.04 0.687969
0.8 0.06 0.632947
0.8 0.08 0.579063
0.8 0.1 0.526664
0.8 0.12 0.476078
0.8 0.14 0.427613
0.8 0.16 0.381548
0.8 0.18 0.338134
0.8 0.2 0.297583
0.8 0.22 0.260075
0.8 0.24 0.225753
0.8 0.26 0.194726
0.8 0.28 0.16707
0.8 0.3 0.142836
0.8 0.32 0.122049
0.8 0.34 0.10472
0.8 0.36 0.090852
0.8 0.38 0.0804421
0.8 0.4 0.0734943
0.8 0.42 0.0700237
0.8 0.44 0.0700638
0.8 0.46 0.073672
0.8 0.48 0.080934
0.8 0.5 0.0919677
0.8 0.52 0.106925
0.8 0.54 0.125992
0.8 0.56 0.149388
0.8 0.58 0.177364
0.8 0.6 0.210197
0.8 0.62 0.248183
0.8 0.64 0.291634
0.8 0.66 0.340864
0.8 0.68 0.396183
0.8 0.7 0.457884
0.8 0.72 0.526233
0.8 0.74 0.601455
0.8 0.76 0.683727
0.8 0.78 0.773159
0.8 0.8 0.86979
0.8 0.82 0.973577
0.8 0.84 1.08438
0.8 0.86 1.20197
0.8 0.88 1.32601
0.8 0.9 1.45607
0.8 0.92 1.59161
0.8 0.94 1.73199
0.8 0.96 1.87649
0.8 0.98 2.02433
0.8 1 0.833333

0.833333 0 0.833333
0.833333 0.02 0.774775
0.833333 0.04 0.716658
0.833333 0.06 0.659355
0.833333 0.08 0.603236
0.833333 0.1 0.548663
0.833333 0.12 0.495979
0.833333 0.14 0.445502
0.833333 0.16 0.397525
0.833333 0.18 0.352307
0.833333 0.2 0.310072
0.833333 0.22 0.271005
0.833333 0.24 0.235256
0.833333 0.26 0.202937
0.833333 0.28 0.17413
0.833333 0.3 0.148886
0.833333 0.32 0.127234
0.833333 0.34 0.109184
0.833333 0.36 0.0947385
0.833333 0.38 0.0838961
0.833333 0.4 0.0766605
0.833333 0.42 0.073048
0.833333 0.44 0.0730934
0.833333 0.46 0.0768566
0.833333 0.48 0.084427
0.833333 0.5 0.0959273
0.833333 0.52 0.111515
0.833333 0.54 0.131386
0.833333 0.56 0.155766
0.833333 0.58 0.184918
0.833333 0.6 0.219129
0.833333 0.62 0.258709
0.833333 0.64 0.303981
0.833333 0.66 0.355272
0.833333 0.68 0.412904
0.833333 0.7 0.477183
0.833333 0.72 0.548384
0.833333 0.74 0.626744
0.833333 0.76 0.712444
0.833333 0.78 0.8056
0.833333 0.8 0.906252
0.833333 0.82 1.01435
0.833333 0.84 1.12976
0.833333 0.86 1.25224
0.833333 0.88 1.38143
0.833333 0.9 1.51688
0.833333 0.92 1.65804
0.833333 0.94 1.80424
0.833333 0.96 1.95474
0.833333 0.98 2.1087
0.833333 1 0.866667

0.866667 0 0.866667
0.866667 0.02 0.805778
0.866667 0.04 0.745347
0.866667 0.06 0.685762
0.866667 0.08 0.62741
0.866667 0.1 0.570663
0.866667 0.12 0.51588
0.866667 0.14 0.463392
0.866667 0.16 0.413503
0.866667 0.18 0.366482
0.866667 0.2 0.322561
0.866667 0.22 0.281935
0.866667 0.24 0.244758
0.866667 0.26 0.211149
0.866667 0.28 0.181191
0.866667 0.3 0.154938
0.866667 0.32 0.13242
0.866667 0.34 0.113648
0.866667 0.36 0.0986257
0.866667 0.38 0.0873507
0.866667 0.4 0.0798275
0.866667 0.42 0.076073
0.866667 0.44 0.0761237
0.866667 0.46 0.0800419
0.866667 0.48 0.0879206
0.866667 0.5 0.0998875
0.866667 0.52 0.116107
0.866667 0.54 0.13678
0.866667 0.56 0.162145
0.866667 0.58 0.192473
0.866667 0.6 0.228063
0.866667 0.62 0.269236
0.866667 0.64 0.316328
0.866667 0.66 0.36968
0.866667 0.68 0.429626
0.866667 0.7 0.496482
0.866667 0.72 0.570537
0.866667 0.74 0.652034
0.866667 0.76 0.741161
0.866667 0.78 0.838041
0.866667 0.8 0.942714
0.866667 0.82 1.05513
0.866667 0.84 1.17515
0.866667 0.86 1.30251
0.866667 0.88 1.43685
0.866667 0.9 1.5777
0.866667 0.92 1.72448
0.866667 0.94 1.8765
0.866667 0.96 2.03299
0.866667 0.98 2.19308
0.866667 1 0.9

0.9 0 0.9
0.9 0.02 0.83678
0.9 0.04 0.774036
0.9 0.06 0.71217
0.9 0.08 0.651583
0.9 0.1 0.592664
0.9 0.12 0.535782
0.9 0.14 0.481282
0.9 0.16 0.429481
0.9 0.18 0.380657
0.9 0.2 0.335051
0.9 0.22 0.292866
0.9 0.24 0.254262
0.9 0.26 0.219362
0.9 0.28 0.188252
0.9 0.3 0.16099
0.9 0.32 0.137607
0.9 0.34 0.118114
0.9 0.36 0.102514
0.9 0.38 0.0908064
0.9 0.4 0.0829956
0.9 0.42 0.0790992
0.9 0.44 0.0791552
0.9 0.46 0.0832283
0.9 0.48 0.0914154
0.9 0.5 0.103849
0.9 0.52 0.120699
0.9 0.54 0.142176
0.9 0.56 0.168526
0.9 0.58 0.200029
0.9 0.6 0.236998
0.9 0.62 0.279764
0.9 0.64 0.328677
0.9 0.66 0.384089
0.9 0.68 0.446348
0.9 0.7 0.515782
0.9 0.72 0.59269
0.9 0.74 0.677324
0.9 0.76 0.76988
0.9 0.78 0.870484
0.9 0.8 0.979177
0.9 0.82 1.09591
0.9 0.84 1.22053
0.9 0.86 1.35277
0.9 0.88 1.49226
0.9 0.9 1.63851
0.9 0.92 1.79091
0.9 0.94 1.94876
0.9 0.96 2.11124
0.9 0.98 2.27746
0.9 1 0.933333

0.933333 0 0.933333
0.933333 0.02 0.867783
0.933333 0.04 0.802726
0.933333 0.06 0.738579
0.933333 0.08 0.675758
0.933333 0.1 0.614665
0.933333 0.12 0.555685
0.933333 0.14 0.499174
0.933333 0.16 0.445461
0.933333 0.18 0.394834
0.933333 0.2 0.347543
0.933333 0.22 0.303799
0.933333 0.24 0.263767
0.933333 0.26 0.227576
0.933333 0.28 0.195316
0.933333 0.3 0.167045
0.933333 0.32 0.142796
0.933333 0.34 0.122581
0.933333 0.36 0.106405
0.933333 0.38 0.0942645
0.933333 0.4 0.086166
0.933333 0.42 0.0821277
0.933333 0.44 0.082189
0.933333 0.46 0.0864172
0.933333 0.48 0.0949126
0.933333 0.5 0.107813
0.933333 0.52 0.125294
0.933333 0.54 0.147574
0.933333 0.56 0.174908
0.933333 0.58 0.207588
0.933333 0.6 0.245934
0.933333 0.62 0.290294
0.933333 0.64 0.341027
0.933333 0.66 0.3985
0.933333 0.68 0.463073
0.933333 0.7 0.535085
0.933333 0.72 0.614845
0.933333 0.74 0.702616
0.933333 0.76 0.7986
0.933333 0.78 0.902927
0.933333 0.8 1.01564
0.933333 0.82 1.13669
0.933333 0.84 1.26591
0.933333 0.86 1.40304
0.933333 0.88 1.54768
0.933333 0.9 1.69932
0.933333 0.92 1.85735
0.933333 0.94 2.02102
0.933333 0.96 2.18949
0.933333 0.98 2.36184
0.933333 1 0.966667

0.966667 0 0.966667
0.966667 0.02 0.898787
0.966667 0.04 0.831416
0.966667 0.06 0.764989
0.966667 0.08 0.699934
0.966667 0.1 0.636669
0.966667 0.12 0.57559
0.966667 0.14 0.517069
0.966667 0.16 0.461443
0.966667 0.18 0.409014
0.966667 0.2 0.360039
0.966667 0.22 0.314735
0.966667 0.24 0.273277
0.966667 0.26 0.235795
0.966667 0.28 0.202384
0.966667 0.3 0.173104
0.966667 0.32 0.147989
0.966667 0.34 0.127053
0.966667 0.36 0.1103
0.966667 0.38 0.0977271
0.966667 0.4 0.0893411
0.966667 0.42 0.0851609
0.966667 0.44 0.0852275
0.966667 0.46 0.0896108
0.966667 0.48 0.0984146
0.966667 0.5 0.111781
0.966667 0.52 0.129894
0.966667 0.54 0.152977
0.966667 0.56 0.181296
0.966667 0.58 0.215151
0.966667 0.6 0.254876
0.966667 0.62 0.300829
0.966667 0.64 0.353382
0.966667 0.66 0.412916
0.966667 0.68 0.479801
0.966667 0.7 0.554391
0.966667 0.72 0.637003
0.966667 0.74 0.727911
0.966667 0.76 0.827323
0.966667 0.78 0.935374
0.966667 0.8 1.05211
0.966667 0.82 1.17747
0.966667 0.84 1.3113
0.966667 0.86 1.45331
0.966667 0.88 1.6031
0.966667 0.9 1.76014
0.966667 0.92 1.92379
0.966667 0.94 2.09328
0.966667 0.96 2.26774
0.966667 0.98 2.44622
0.966667 1 1

1 0 1
1 0.02 0.929791
1 0.04 0.860109
1 0.06 0.791402
1 0.08 0.724114
1 0.1 0.658677
1 0.12 0.595501
1 0.14 0.534969
1 0.16 0.477432
1 0.18 0.4232
1 0.2 0.372541
1 0.22 0.325679
1 0.24 0.282794
1 0.26 0.244021
1 0.28 0.209459
1 0.3 0.179171
1 0.32 0.153191
1 0.34 0.131534
1 0.36 0.114203
1 0.38 0.101199
1 0.4 0.0925251
1 0.42 0.0882032
1 0.44 0.0882752
1 0.46 0.0928136
1 0.48 0.101926
1 0.5 0.115759
1 0.52 0.134503
1 0.54 0.158389
1 0.56 0.187692
1 0.58 0.222723
1 0.6 0.263826
1 0.62 0.311372
1 0.64 0.365746
1 0.66 0.427339
1 0.68 0.496537
1 0.7 0.573704
1 0.72 0.659169
1 0.74 0.753213
1 0.76 0.856053
1 0.78 0.967826
1 0.8 1.08858
1 0.82 1.21826
1 0.84 1.35669
1 0.86 1.50358
1 0.88 1.65852
1 0.9 1.82096
1 0.92 1.99023
1 0.94 2.16554
1 0.96 2.34599
1 0.98 2.5306
1 1 1.03333

1.03333 0 1.03333
1.03333 0.02 0.960797
1.03333 0.04 0.888805
1.03333 0.06 0.81782
1.03333 0.08 0.748301
1.03333 0.1 0.680692
1.03333 0.12 0.61542
1.03333 0.14 0.552879
1.03333 0.16 0.493432
1.03333 0.18 0.437398
1.03333 0.2 0.385056
1.03333 0.22 0.336636
1.03333 0.24 0.292324
1.03333 0.26 0.252262
1.03333 0.28 0.21655
1.03333 0.3 0.185253
1.03333 0.32 0.158409
1.03333 0.34 0.136031
1.03333 0.36 0.118124
1.03333 0.38 0.104687
1.03333 0.4 0.0957264
1.03333 0.42 0.0912628
1.03333 0.44 0.0913405
1.03333 0.46 0.096034
1.03333 0.48 0.105455
1.03333 0.5 0.119755
1.03333 0.52 0.139129
1.03333 0.54 0.163819
1.03333 0.56 0.194106
1.03333 0.58 0.230312
1.03333 0.6 0.272793
1.03333 0.62 0.321931
1.03333 0.64 0.378125
1.03333 0.66 0.441778
1.03333 0.68 0.513288
1.03333 0.7 0.593032
1.03333 0.72 0.681348
1.03333 0.74 0.778528
1.03333 0.76 0.884794
1.03333 0.78 1.00029
1.03333 0.8 1.12506
1.03333 0.82 1.25905
1.03333 0.84 1.40209
1.03333 0.86 1.55386
1.03333 0.88 1.71395
1.03333 0.9 1.88178
1.03333 0.92 2.05667
1.03333 0.94 2.2378
1.03333 0.96 2.42424
1.03333 0.98 2.61498
1.03333 1 1.06667

1.06667 0 1.06667
1.06667 0.02 0.991806
1.06667 0.04 0.917507
1.06667 0.06 0.844247
1.06667 0.08 0.772499
1.06667 0.1 0.702722
1.06667 0.12 0.635355
1.06667 0.14 0.570807
1.06667 0.16 0.509451
1.06667 0.18 0.451618
1.06667 0.2 0.397593
1.06667 0.22 0.347617
1.06667 0.24 0.301881
1.06667 0.26 0.26053
1.06667 0.28 0.223669
1.06667 0.3 0.191365
1.06667 0.32 0.163656
1.06667 0.34 0.140558
1.06667 0.36 0.122075
1.06667 0.38 0.108207
1.06667 0.4 0.0989594
1.06667 0.42 0.0943547
1.06667 0.44 0.0944383
1.06667 0.46 0.0992873
1.06667 0.48 0.109017
1.06667 0.5 0.123783
1.06667 0.52 0.143789
1.06667 0.54 0.169281
1.06667 0.56 0.200552
1.06667 0.58 0.237933
1.06667 0.6 0.281792
1.06667 0.62 0.332522
1.06667 0.64 0.390535
1.06667 0.66 0.456247
1.06667 0.68 0.530068
1.06667 0.7 0.612386
1.06667 0.72 0.703553
1.06667 0.74 0.803867
1.06667 0.76 0.913558
1.06667 0.78 1.03277
1.06667 0.8 1.16156
1.06667 0.82 1.29987
1.06667 0.84 1.4475
1.06667 0.86 1.60416
1.06667 0.88 1.76939
1.06667 0.9 1.94261
1.06667 0.92 2.12312
1.06667 0.94 2.31007
1.06667 0.96 2.5025
1.06667 0.98 2.69936
1.06667 1 1.1

1.1 0 1.1
1.1 0.02 1.02282
1.1 0.04 0.946221
1.1 0.06 0.87069
1.1 0.08 0.796717
1.1 0.1 0.724776
1.1 0.12 0.655319
1.1 0.14 0.588768
1.1 0.16 0.525506
1.1 0.18 0.465876
1.1 0.2 0.410172
1.1 0.22 0.358642
1.1 0.24 0.311483
1.1 0.26 0.268845
1.1 0.28 0.230837
1.1 0.3 0.197527
1.1 0.32 0.168956
1.1 0.34 0.14514
1.1 0.36 0.126082
1.1 0.38 0.111783
1.1 0.4 0.10225
1.1 0.42 0.0975048
1.1 0.44 0.097595
1.1 0.46 0.1026
1.1 0.48 0.112638
1.1 0.5 0.127872
1.1 0.52 0.148508
1.1 0.54 0.174804
1.1 0.56 0.207058
1.1 0.58 0.245613
1.1 0.6 0.290849
1.1 0.62 0.343169
1.1 0.64 0.403
1.1 0.66 0.470769
1.1 0.68 0.5469
1.1 0.7 0.631791
1.1 0.72 0.725806
1.1 0.74 0.829251
1.1 0.76 0.942364
1.1 0.78 1.0653
1.1 0.8 1.1981
1.1 0.82 1.34071
1.1 0.84 1.49294
1.1 0.86 1.65447
1.1 0.88 1.82485
1.1 0.9 2.00346
1.1 0.92 2.18958
1.1 0.94 2.38234
1.1 0.96 2.58076
1.1 0.98 2.78374
1.1 1 1.13333

1.13333 0 1.13333
1.13333 0.02 1.05385
1.13333 0.04 0.974952
1.13333 0.06 0.897159
1.13333 0.08 0.82097
1.13333 0.1 0.746872
1.13333 0.12 0.675332
1.13333 0.14 0.606783
1.13333 0.16 0.541622
1.13333 0.18 0.4802
1.13333 0.2 0.422823
1.13333 0.22 0.369743
1.13333 0.24 0.321165
1.13333 0.26 0.277244
1.13333 0.28 0.238092
1.13333 0.3 0.20378
1.13333 0.32 0.174349
1.13333 0.34 0.149816
1.13333 0.36 0.130186
1.13333 0.38 0.115459
1.13333 0.4 0.105642
1.13333 0.42 0.100757
1.13333 0.44 0.100855
1.13333 0.46 0.106017
1.13333 0.48 0.116365
1.13333 0.5 0.132066
1.13333 0.52 0.153334
1.13333 0.54 0.180431
1.13333 0.56 0.213668
1.13333 0.58 0.253397
1.13333 0.6 0.300008
1.13333 0.62 0.353918
1.13333 0.64 0.415563
1.13333 0.66 0.485387
1.13333 0.68 0.563824
1.13333 0.7 0.651285
1.13333 0.72 0.748143
1.13333 0.74 0.854715
1.13333 0.76 0.971245
1.13333 0.78 1.09789
1.13333 0.8 1.2347
1.13333 0.82 1.38161
1.13333 0.84 1.53844
1.13333 0.86 1.70484
1.13333 0.88 1.88034
1.13333 0.9 2.06434
1.13333 0.92 2.25607
1.13333 0.94 2.45464
1.13333 0.96 2.65904
1.13333 0.98 2.86813
1.13333 1 1.16667

1.16667 0 1.16667
1.16667 0.02 1.08489
1.16667 0.04 1.00371
1.16667 0.06 0.923674
1.16667 0.08 0.845281
1.16667 0.1 0.769039
1.16667 0.12 0.695427
1.16667 0.14 0.624891
1.16667 0.16 0.55784
1.16667 0.18 0.494637
1.16667 0.2 0.435593
1.16667 0.22 0.380972
1.16667 0.24 0.330982
1.16667 0.26 0.285785
1.16667 0.28 0.245495
1.16667 0.3 0.210186
1.16667 0.32 0.1799
1.16667 0.34 0.154655
1.16667 0.36 0.134456
1.16667 0.38 0.119304
1.16667 0.4 0.109206
1.16667 0.42 0.104186
1.16667 0.44 0.104293
1.16667 0.46 0.109614
1.16667 0.48 0.120273
1.16667 0.5 0.136441
1.16667 0.52 0.158341
1.16667 0.54 0.18624
1.16667 0.56 0.22046
1.16667 0.58 0.261361
1.16667 0.6 0.309344
1.16667 0.62 0.36484
1.16667 0.64 0.428297
1.16667 0.66 0.500171
1.16667 0.68 0.580909
1.16667 0.7 0.670934
1.16667 0.72 0.770628
1.16667 0.74 0.88032
1.16667 0.76 1.00026
1.16667 0.78 1.13061
1.16667 0.8 1.27142
1.16667 0.82 1.42262
1.16667 0.84 1.58402
1.16667 0.86 1.75528
1.16667 0.88 1.93591
1.16667 0.9 2.12528
1.16667 0.92 2.3226
1.16667 0.94 2.52697
1.16667 0.96 2.73733
1.16667 0.98 2.95253
1.16667 1 1.2

1.2 0 1.2
1.2 0.02 1.11595
1.2 0.04 1.03253
1.2 0.06 0.95026
1.2 0.08 0.869686
1.2 0.1 0.79132
1.2 0.12 0.715655
1.2 0.14 0.643151
1.2 0.16 0.574227
1.2 0.18 0.509256
1.2 0.2 0.448562
1.2 0.22 0.392412
1.2 0.24 0.341023
1.2 0.26 0.29456
1.2 0.28 0.253142
1.2 0.3 0.216845
1.2 0.32 0.185712
1.2 0.34 0.159763
1.2 0.36 0.139003
1.2 0.38 0.123432
1.2 0.4 0.113058
1.2 0.42 0.107906
1.2 0.44 0.108027
1.2 0.46 0.113509
1.2 0.48 0.124482
1.2 0.5 0.14112
1.2 0.52 0.163651
1.2 0.54 0.192353
1.2 0.56 0.227553
1.2 0.58 0.269624
1.2 0.6 0.318977
1.2 0.62 0.376055
1.2 0.64 0.441318
1.2 0.66 0.515235
1.2 0.68 0.598265
1.2 0.7 0.690844
1.2 0.72 0.793364
1.2 0.74 0.906162
1.2 0.76 1.0295
1.2 0.78 1.16353
1.2 0.8 1.30832
1.2 0.82 1.4638
1.2 0.84 1.62976
1.2 0.86 1.80586
1.2 0.88 1.9916
1.2 0.9 2.18631
1.2 0.92 2.38922
1.2 0.94 2.59936
1.2 0.96 2.81567
1.2 0.98 3.03695
1.2 1 1.23333

1.23333 0 1.23333
1.23333 0.02 1.14706
1.23333 0.04 1.06142
1.23333 0.06 0.976961
1.23333 0.08 0.89424
1.23333 0.1 0.813782
1.23333 0.12 0.736095
1.23333 0.14 0.661651
1.23333 0.16 0.590882
1.23333 0.18 0.52417
1.23333 0.2 0.461847
1.23333 0.22 0.40419
1.23333 0.24 0.351421
1.23333 0.26 0.303712
1.23333 0.28 0.261182
1.23333 0.3 0.223912
1.23333 0.32 0.191947
1.23333 0.34 0.165306
1.23333 0.36 0.143996
1.23333 0.38 0.128016
1.23333 0.4 0.117375
1.23333 0.42 0.112099
1.23333 0.44 0.112241
1.23333 0.46 0.117891
1.23333 0.48 0.12918
1.23333 0.5 0.146291
1.23333 0.52 0.169456
1.23333 0.54 0.198961
1.23333 0.56 0.23514
1.23333 0.58 0.278377
1.23333 0.6 0.329095
1.23333 0.62 0.387748
1.23333 0.64 0.454808
1.23333 0.66 0.530757
1.23333 0.68 0.616066
1.23333 0.7 0.711183
1.23333 0.72 0.816512
1.23333 0.74 0.932396
1.23333 0.76 1.0591
1.23333 0.78 1.1968
1.23333 0.8 1.34555
1.23333 0.82 1.50527
1.23333 0.84 1.67577
1.23333 0.86 1.85667
1.23333 0.88 2.04748
1.23333 0.9 2.24751
1.23333 0.92 2.45596
1.23333 0.94 2.67184
1.23333 0.96 2.89406
1.23333 0.98 3.1214
1.23333 1 1.26667

1.26667 0 1.26667
1.26667 0.02 1.17822
1.26667 0.04 1.09042
1.26667 0.06 1.00384
1.26667 0.08 0.919022
1.26667 0.1 0.836524
1.26667 0.12 0.756864
1.26667 0.14 0.680525
1.26667 0.16 0.607952
1.26667 0.18 0.539539
1.26667 0.2 0.475625
1.26667 0.22 0.416495
1.26667 0.24 0.36238
1.26667 0.26 0.313452
1.26667 0.28 0.269839
1.26667 0.3 0.231621
1.26667 0.32 0.198845
1.26667 0.34 0.171534
1.26667 0.36 0.149691
1.26667 0.38 0.133319
1.26667 0.4 0.122426
1.26667 0.42 0.117039
1.26667 0.44 0.117213
1.26667 0.46 0.123039
1.26667 0.48 0.134654
1.26667 0.5 0.152243
1.26667 0.52 0.176044
1.26667 0.54 0.206352
1.26667 0.56 0.243509
1.26667 0.58 0.287908
1.26667 0.6 0.339984
1.26667 0.62 0.400201
1.26667 0.64 0.469045
1.26667 0.66 0.547009
1.26667 0.68 0.634578
1.26667 0.7 0.732209
1.26667 0.72 0.840318
1.26667 0.74 0.959258
1.26667 0.76 1.0893
1.26667 0.78 1.23063
1.26667 0.8 1.38329
1.26667 0.82 1.54721
1.26667 0.84 1.72219
1.26667 0.86 1.90786
1.26667 0.88 2.10368
1.26667 0.9 2.30898
1.26667 0.92 2.52291
1.26667 0.94 2.74448
1.26667 0.96 2.97257
1.26667 0.98 3.20591
1.26667 1 1.3

1.3 0 1.3
1.3 0.02 1.20948
1.3 0.04 1.11961
1.3 0.06 1.03098
1.3 0.08 0.944148
1.3 0.1 0.859687
1.3 0.12 0.778126
1.3 0.14 0.699963
1.3 0.16 0.625652
1.3 0.18 0.555599
1.3 0.2 0.490151
1.3 0.22 0.429603
1.3 0.24 0.374189
1.3 0.26 0.32409
1.3 0.28 0.279435
1.3 0.3 0.240308
1.3 0.32 0.206759
1.3 0.34 0.178808
1.3 0.36 0.156463
1.3 0.38 0.139725
1.3 0.4 0.128604
1.3 0.42 0.123127
1.3 0.44 0.123351
1.3 0.46 0.129368
1.3 0.48 0.14132
1.3 0.5 0.159395
1.3 0.52 0.183839
1.3 0.54 0.214951
1.3 0.56 0.253084
1.3 0.58 0.29864
1.3 0.6 0.352063
1.3 0.62 0.41383
1.3 0.64 0.484439
1.3 0.66 0.564394
1.3 0.68 0.654191
1.3 0.7 0.754301
1.3 0.72 0.86515
1.3 0.74 0.987099
1.3 0.76 1.12043
1.3 0.78 1.26532
1.3 0.8 1.42183
1.3 0.82 1.58989
1.3 0.84 1.76928
1.3 0.86 1.95962
1.3 0.88 2.16039
1.3 0.9 2.37087
1.3 0.92 2.59021
1.3 0.94 2.81738
1.3 0.96 3.05124
1.3 0.98 3.29049
1.3 1 1.33333

1.33333 0 1.33333
1.33333 0.02 1.24087
1.33333 0.04 1.14906
1.33333 0.06 1.0585
1.33333 0.08 0.969775
1.33333 0.1 0.883465
1.33333 0.12 0.800113
1.33333 0.14 0.720229
1.33333 0.16 0.644279
1.33333 0.18 0.572678
1.33333 0.2 0.505784
1.33333 0.22 0.443898
1.33333 0.24 0.387262
1.33333 0.26 0.336061
1.33333 0.28 0.290428
1.33333 0.3 0.250452
1.33333 0.32 0.216183
1.33333 0.34 0.187643
1.33333 0.36 0.164841
1.33333 0.38 0.147779
1.33333 0.4 0.136466
1.33333 0.42 0.130931
1.33333 0.44 0.131232
1.33333 0.46 0.137464
1.33333 0.48 0.149772
1.33333 0.5 0.168349
1.33333 0.52 0.193444
1.33333 0.54 0.225366
1.33333 0.56 0.264474
1.33333 0.58 0.311179
1.33333 0.6 0.365936
1.33333 0.62 0.429232
1.33333 0.64 0.501577
1.33333 0.66 0.583487
1.33333 0.68 0.67547
1.33333 0.7 0.778007
1.33333 0.72 0.891534
1.33333 0.74 1.01642
1.33333 0.76 1.15296
1.33333 0.78 1.30133
1.33333 0.8 1.4616
1.33333 0.82 1.63369
1.33333 0.84 1.81738
1.33333 0.86 2.01229
1.33333 0.88 2.21787
1.33333 0.9 2.43341
1.33333 0.92 2.65802
1.33333 0.94 2.89067
1.33333 0.96 3.13016
1.33333 0.98 3.37521
1.33333 1 1.36667

1.36667 0 1.36667
1.36667 0.02 1.27244
1.36667 0.04 1.17887
1.36667 0.06 1.08656
1.36667 0.08 0.996116
1.36667 0.1 0.908122
1.36667 0.12 0.823137
1.36667 0.14 0.741682
1.36667 0.16 0.664235
1.36667 0.18 0.591221
1.36667 0.2 0.523008
1.36667 0.22 0.459903
1.36667 0.24 0.402156
1.36667 0.26 0.349957
1.36667 0.28 0.303443
1.36667 0.3 0.262706
1.36667 0.32 0.227798
1.36667 0.34 0.198744
1.36667 0.36 0.175552
1.36667 0.38 0.158226
1.36667 0.4 0.146777
1.36667 0.42 0.141233
1.36667 0.44 0.141653
1.36667 0.46 0.148137
1.36667 0.48 0.16083
1.36667 0.5 0.179931
1.36667 0.52 0.205695
1.36667 0.54 0.238433
1.36667 0.56 0.278516
1.36667 0.58 0.326361
1.36667 0.6 0.382434
1.36667 0.62 0.447231
1.36667 0.64 0.521274
1.36667 0.66 0.605089
1.36667 0.68 0.699196
1.36667 0.7 0.804086
1.36667 0.72 0.920206
1.36667 0.74 1.04793
1.36667 0.76 1.18757
1.36667 0.78 1.33929
1.36667 0.8 1.50318
1.36667 0.82 1.67915
1.36667 0.84 1.86698
1.36667 0.86 2.06629
1.36667 0.88 2.27651
1.36667 0.9 2.49692
1.36667 0.92 2.72661
1.36667 0.94 2.96454
1.36667 0.96 3.20948
1.36667 0.98 3.46011
1.36667 1 1.4

1.4 0 1.4
1.4 0.02 1.30427
1.4 0.04 1.20919
1.4 0.06 1.11538
1.4 0.08 1.02345
1.4 0.1 0.934002
1.4 0.12 0.847605
1.4 0.14 0.764792
1.4 0.16 0.68605
1.4 0.18 0.611815
1.4 0.2 0.542463
1.4 0.22 0.47831
1.4 0.24 0.419611
1.4 0.26 0.366562
1.4 0.28 0.319306
1.4 0.3 0.277935
1.4 0.32 0.242507
1.4 0.34 0.213046
1.4 0.36 0.189564
1.4 0.38 0.172064
1.4 0.4 0.160558
1.4 0.42 0.155076
1.4 0.44 0.155679
1.4 0.46 0.162468
1.4 0.48 0.175591
1.4 0.5 0.19525
1.4 0.52 0.221705
1.4 0.54 0.255275
1.4 0.56 0.296334
1.4 0.58 0.34531
1.4 0.6 0.402675
1.4 0.62 0.468936
1.4 0.64 0.544624
1.4 0.66 0.630276
1.4 0.68 0.726421
1.4 0.7 0.833562
1.4 0.72 0.952154
1.4 0.74 1.08258
1.4 0.76 1.22516
1.4 0.78 1.38006
1.4 0.8 1.54737
1.4 0.82 1.72702
1.4 0.84 1.91876
1.4 0.86 2.12222
1.4 0.88 2.33683
1.4 0.9 2.56184
1.4 0.92 2.79634
1.4 0.94 3.03926
1.4 0.96 3.28937
1.4 0.98 3.5453
1.4 1 1.43333

1.43333 0 1.43333
1.43333 0.02 1.33645
1.43333 0.04 1.2402
1.43333 0.06 1.14522
1.43333 0.08 1.05213
1.43333 0.1 0.961539
1.43333 0.12 0.874033
1.43333 0.14 0.790153
1.43333 0.16 0.710396
1.43333 0.18 0.635205
1.43333 0.2 0.564966
1.43333 0.22 0.500001
1.43333 0.24 0.440573
1.43333 0.26 0.386883
1.43333 0.28 0.339077
1.43333 0.3 0.297253
1.43333 0.32 0.261469
1.43333 0.34 0.231755
1.43333 0.36 0.208121
1.43333 0.38 0.190574
1.43333 0.4 0.179125
1.43333 0.42 0.173807
1.43333 0.44 0.174683
1.43333 0.46 0.181853
1.43333 0.48 0.19547
1.43333 0.5 0.215738
1.43333 0.52 0.242922
1.43333 0.54 0.277344
1.43333 0.56 0.319386
1.43333 0.58 0.369481
1.43333 0.6 0.428109
1.43333 0.62 0.495786
1.43333 0.64 0.573049
1.43333 0.66 0.660447
1.43333 0.68 0.758518
1.43333 0.7 0.867771
1.43333 0.72 0.988672
1.43333 0.74 1.12162
1.43333 0.76 1.26691
1.43333 0.78 1.42476
1.43333 0.8 1.59522
1.43333 0.82 1.77825
1.43333 0.84 1.9736
1.43333 0.86 2.18087
1.43333 0.88 2.39951
1.43333 0.9 2.62875
1.43333 0.92 2.86768
1.43333 0.94 3.11519
1.43333 0.96 3.37006
1.43333 0.98 3.63089
1.43333 1 1.46667

1.46667 0 1.46667
1.46667 0.02 1.36907
1.46667 0.04 1.2721
1.46667 0.06 1.17639
1.46667 0.08 1.08257
1.46667 0.1 0.991264
1.46667 0.12 0.903055
1.46667 0.14 0.818498
1.46667 0.16 0.738099
1.46667 0.18 0.66231
1.46667 0.2 0.591522
1.46667 0.22 0.526066
1.46667 0.24 0.466211
1.46667 0.26 0.412161
1.46667 0.28 0.36407
1.46667 0.3 0.322037
1.46667 0.32 0.286126
1.46667 0.34 0.256367
1.46667 0.36 0.232774
1.46667 0.38 0.215353
1.46667 0.4 0.20412
1.46667 0.42 0.199108
1.46667 0.44 0.200379
1.46667 0.46 0.208038
1.46667 0.48 0.222239
1.46667 0.5 0.243188
1.46667 0.52 0.271154
1.46667 0.54 0.306462
1.46667 0.56 0.349498
1.46667 0.58 0.400701
1.46667 0.6 0.460557
1.46667 0.62 0.529588
1.46667 0.64 0.608339
1.46667 0.66 0.697364
1.46667 0.68 0.797209
1.46667 0.7 0.908393
1.46667 0.72 1.03139
1.46667 0.74 1.16659
1.46667 0.76 1.31432
1.46667 0.78 1.47479
1.46667 0.8 1.64806
1.46667 0.82 1.83407
1.46667 0.84 2.0326
1.46667 0.86 2.24324
1.46667 0.88 2.46543
1.46667 0.9 2.69839
1.46667 0.92 2.94122
1.46667 0.94 3.19279
1.46667 0.96 3.45187
1.46667 0.98 3.71704
1.46667 1 1.5

1.5 0 1.5
1.5 0.02 1.40228
1.5 0.04 1.30516
1.5 0.06 1.20929
1.5 0.08 1.11529
1.5 0.1 1.0238
1.5 0.12 0.935418
1.5 0.14 0.850693
1.5 0.16 0.77014
1.5 0.18 0.694219
1.5 0.2 0.623329
1.5 0.22 0.557804
1.5 0.24 0.497919
1.5 0.26 0.443884
1.5 0.28 0.395857
1.5 0.3 0.353943
1.5 0.32 0.318206
1.5 0.34 0.288681
1.5 0.36 0.265384
1.5 0.38 0.248325
1.5 0.4 0.237518
1.5 0.42 0.233
1.5 0.44 0.234835
1.5 0.46 0.243128
1.5 0.48 0.258035
1.5 0.5 0.279764
1.5 0.52 0.308585
1.5 0.54 0.344827
1.5 0.56 0.388877
1.5 0.58 0.441179
1.5 0.6 0.502222
1.5 0.62 0.572531
1.5 0.64 0.652657
1.5 0.66 0.74316
1.5 0.68 0.844589
1.5 0.7 0.957469
1.5 0.72 1.08228
1.5 0.74 1.21942
1.5 0.76 1.36922
1.5 0.78 1.53188
1.5 0.8 1.7075
1.5 0.82 1.89599
1.5 0.84 2.09714
1.5 0.86 2.31055
1.5 0.88 2.53565
1.5 0.9 2.77168
1.5 0.92 3.0177
1.5 0.94 3.27262
1.5 0.96 3.53517
1.5 0.98 3.80394
1.5 1 1.53333

1.53333 0 1.53333
1.53333 0.02 1.43621
1.53333 0.04 1.33966
1.53333 0.06 1.24433
1.53333 0.08 1.15086
1.53333 0.1 1.05987
1.53333 0.12 0.971975
1.53333 0.14 0.887725
1.53333 0.16 0.80764
1.53333 0.18 0.732184
1.53333 0.2 0.661758
1.53333 0.22 0.596704
1.53333 0.24 0.5373
1.53333 0.26 0.483762
1.53333 0.28 0.436251
1.53333 0.3 0.394875
1.53333 0.32 0.359704
1.53333 0.34 0.330774
1.53333 0.36 0.308106
1.53333 0.38 0.291711
1.53333 0.4 0.281607
1.53333 0.42 0.277831
1.53333 0.44 0.280448
1.53333 0.46 0.289567
1.53333 0.48 0.30534
1.53333 0.5 0.327981
1.53333 0.52 0.357757
1.53333 0.54 0.394999
1.53333 0.56 0.440095
1.53333 0.58 0.493489
1.53333 0.6 0.55567
1.53333 0.62 0.627168
1.53333 0.64 0.708533
1.53333 0.66 0.800326
1.53333 0.68 0.903102
1.53333 0.7 1.01739
1.53333 0.72 1.14366
1.53333 0.74 1.28233
1.53333 0.76 1.43373
1.53333 0.78 1.59807
1.53333 0.8 1.77543
1.53333 0.82 1.96575
1.53333 0.84 2.16882
1.53333 0.86 2.38424
1.53333 0.88 2.61145
1.53333 0.9 2.84968
1.53333 0.92 3.09801
1.53333 0.94 3.35534
1.53333 0.96 3.62041
1.53333 0.98 3.89181
1.53333 1 1.56667

1.56667 0 1.56667
1.56667 0.02 1.47102
1.56667 0.04 1.37591
1.56667 0.06 1.28199
1.56667 0.08 1.1899
1.56667 0.1 1.10025
1.56667 0.12 1.01366
1.56667 0.14 0.930677
1.56667 0.16 0.851828
1.56667 0.18 0.777573
1.56667 0.2 0.708319
1.56667 0.22 0.644409
1.56667 0.24 0.586124
1.56667 0.26 0.533683
1.56667 0.28 0.487252
1.56667 0.3 0.446943
1.56667 0.32 0.412829
1.56667 0.34 0.384951
1.56667 0.36 0.363331
1.56667 0.38 0.347984
1.56667 0.4 0.338932
1.56667 0.42 0.336211
1.56667 0.44 0.33989
1.56667 0.46 0.350075
1.56667 0.48 0.366924
1.56667 0.5 0.390644
1.56667 0.52 0.421505
1.56667 0.54 0.459835
1.56667 0.56 0.506021
1.56667 0.58 0.560504
1.56667 0.6 0.623773
1.56667 0.62 0.696352
1.56667 0.64 0.778793
1.56667 0.66 0.871654
1.56667 0.68 0.975488
1.56667 0.7 1.09082
1.56667 0.72 1.21813
1.56667 0.74 1.35784
1.56667 0.76 1.51026
1.56667 0.78 1.67562
1.56667 0.8 1.854
1.56667 0.82 2.04535
1.56667 0.84 2.24947
1.56667 0.86 2.46595
1.56667 0.88 2.69425
1.56667 0.9 2.93362
1.56667 0.92 3.18314
1.56667 0.94 3.44172
1.56667 0.96 3.7081
1.56667 0.98 3.98091
1.56667 1 1.6

1.6 0 1.6
1.6 0.02 1.50686
1.6 0.04 1.41423
1.6 0.06 1.32275
1.6 0.08 1.23305
1.6 0.1 1.14575
1.6 0.12 1.06144
1.6 0.14 0.98068
1.6 0.16 0.903988
1.6 0.18 0.831825
1.6 0.2 0.764595
1.6 0.22 0.702642
1.6 0.24 0.646248
1.6 0.26 0.595636
1.6 0.28 0.550972
1.6 0.3 0.512374
1.6 0.32 0.479918
1.6 0.34 0.453648
1.6 0.36 0.43359
1.6 0.38 0.419763
1.6 0.4 0.41219
1.6 0.42 0.410911
1.6 0.44 0.415995
1.6 0.46 0.427549
1.6 0.48 0.445728
1.6 0.5 0.470739
1.6 0.52 0.502849
1.6 0.54 0.54238
1.6 0.56 0.589717
1.6 0.58 0.645293
1.6 0.6 0.709592
1.6 0.62 0.783133
1.6 0.64 0.866459
1.6 0.66 0.960124
1.6 0.68 1.06467
1.6 0.7 1.18063
1.6 0.72 1.30848
1.6 0.74 1.44861
1.6 0.76 1.60137
1.6 0.78 1.76697
1.6 0.8 1.9455
1.6 0.82 2.13692
1.6 0.84 2.34102
1.6 0.86 2.55743
1.6 0.88 2.7856
1.6 0.9 3.02481
1.6 0.92 3.27415
1.6 0.94 3.53256
1.6 0.96 3.79881
1.6 0.98 4.07154
1.6 1 1.63333

1.63333 0 1.63333
1.63333 0.02 1.5439
1.63333 0.04 1.45494
1.63333 0.06 1.36709
1.63333 0.08 1.28096
1.63333 0.1 1.19716
1.63333 0.12 1.11627
1.63333 0.14 1.03885
1.63333 0.16 0.965393
1.63333 0.18 0.896362
1.63333 0.2 0.832157
1.63333 0.22 0.773117
1.63333 0.24 0.719525
1.63333 0.26 0.671603
1.63333 0.28 0.62952
1.63333 0.3 0.593396
1.63333 0.32 0.563309
1.63333 0.34 0.539308
1.63333 0.36 0.521424
1.63333 0.38 0.509678
1.63333 0.4 0.504096
1.63333 0.42 0.50472
1.63333 0.44 0.51162
1.63333 0.46 0.524903
1.63333 0.48 0.544721
1.63333 0.5 0.571278
1.63333 0.52 0.604834
1.63333 0.54 0.645707
1.63333 0.56 0.694271
1.63333 0.58 0.750952
1.63333 0.6 0.816222
1.63333 0.62 0.890589
1.63333 0.64 0.974584
1.63333 0.66 1.06875
1.63333 0.68 1.17363
1.63333 0.7 1.28972
1.63333 0.72 1.41751
1.63333 0.74 1.55738
1.63333 0.76 1.70968
1.63333 0.78 1.8746
1.63333 0.8 2.05227
1.63333 0.82 2.24262
1.63333 0.84 2.44547
1.63333 0.86 2.66047
1.63333 0.88 2.88707
1.63333 0.9 3.1246
1.63333 0.92 3.37216
1.63333 0.94 3.62873
1.63333 0.96 3.8931
1.63333 0.98 4.16396
1.63333 1 1.66667

1.66667 0 1.66667
1.66667 0.02 1.58227
1.66667 0.04 1.49833
1.66667 0.06 1.41544
1.66667 0.08 1.33421
1.66667 0.1 1.25522
1.66667 0.12 1.17904
1.66667 0.14 1.10621
1.66667 0.16 1.03721
1.66667 0.18 0.972499
1.66667 0.2 0.912457
1.66667 0.22 0.857423
1.66667 0.24 0.807673
1.66667 0.26 0.763428
1.66667 0.28 0.724858
1.66667 0.3 0.692082
1.66667 0.32 0.665184
1.66667 0.34 0.644215
1.66667 0.36 0.62921
1.66667 0.38 0.620193
1.66667 0.4 0.617193
1.66667 0.42 0.620254
1.66667 0.44 0.629447
1.66667 0.46 0.644877
1.66667 0.48 0.666693
1.66667 0.5 0.695093
1.66667 0.52 0.73033
1.66667 0.54 0.772711
1.66667 0.56 0.822598
1.66667 0.58 0.880404
1.66667 0.6 0.946583
1.66667 0.62 1.02163
1.66667 0.64 1.10606
1.66667 0.66 1.20039
1.66667 0.68 1.30515
1.66667 0.7 1.42083
1.66667 0.72 1.54789
1.66667 0.74 1.68672
1.66667 0.76 1.83765
1.66667 0.78 2.00088
1.66667 0.8 2.17651
1.66667 0.82 2.36452
1.66667 0.84 2.56471
1.66667 0.86 2.77677
1.66667 0.88 3.00018
1.66667 0.9 3.23427
1.66667 0.92 3.47822
1.66667 0.94 3.73102
1.66667 0.96 3.99153
1.66667 0.98 4.25847
1.66667 1 1.7

1.7 0 1.7
1.7 0.02 1.62209
1.7 0.04 1.54462
1.7 0.06 1.46816
1.7 0.08 1.39327
1.7 0.1 1.32053
1.7 0.12 1.25048
1.7 0.14 1.18362
1.7 0.16 1.12043
1.7 0.18 1.06133
1.7 0.2 1.00671
1.7 0.22 0.956889
1.7 0.24 0.912134
1.7 0.26 0.872663
1.7 0.28 0.838641
1.7 0.3 0.810189
1.7 0.32 0.787393
1.7 0.34 0.770307
1.7 0.36 0.758968
1.7 0.38 0.753404
1.7 0.4 0.753649
1.7 0.42 0.759747
1.7 0.44 0.771768
1.7 0.46 0.789816
1.7 0.48 0.814034
1.7 0.5 0.844614
1.7 0.52 0.881796
1.7 0.54 0.925876
1.7 0.56 0.977198
1.7 0.58 1.03616
1.7 0.6 1.10318
1.7 0.62 1.17875
1.7 0.64 1.26335
1.7 0.66 1.35749
1.7 0.68 1.46165
1.7 0.7 1.57632
1.7 0.72 1.70193
1.7 0.74 1.83886
1.7 0.76 1.98742
1.7 0.78 2.14781
1.7 0.8 2.32015
1.7 0.82 2.50439
1.7 0.84 2.70039
1.7 0.86 2.90782
1.7 0.88 3.12622
1.7 0.9 3.35495
1.7 0.92 3.59324
1.7 0.94 3.84013
1.7 0.96 4.09456
1.7 0.98 4.35531
1.7 1 1.73333

1.73333 0 1.73333
1.73333 0.02 1.66344
1.73333 0.04 1.59398
1.73333 0.06 1.52548
1.73333 0.08 1.45848
1.73333 0.1 1.39351
1.73333 0.12 1.33107
1.73333 0.14 1.27166
1.73333 0.16 1.21571
1.73333 0.18 1.16362
1.73333 0.2 1.11577
1.73333 0.22 1.07245
1.73333 0.24 1.03393
1.73333 0.26 1.00041
1.73333 0.28 0.972051
1.73333 0.3 0.948974
1.73333 0.32 0.931265
1.73333 0.34 0.91898
1.73333 0.36 0.912159
1.73333 0.38 0.910834
1.73333 0.4 0.91504
1.73333 0.42 0.924824
1.73333 0.44 0.940255
1.73333 0.46 0.961432
1.73333 0.48 0.988493
1.73333 0.5 1.02162
1.73333 0.52 1.06104
1.73333 0.54 1.10702
1.73333 0.56 1.15991
1.73333 0.58 1.22005
1.73333 0.6 1.28787
1.73333 0.62 1.3638
1.73333 0.64 1.4483
1.73333 0.66 1.54185
1.73333 0.68 1.6449
1.73333 0.7 1.75792
1.73333 0.72 1.88131
1.73333 0.74 2.01543
1.73333 0.76 2.16056
1.73333 0.78 2.31692
1.73333 0.8 2.48459
1.73333 0.82 2.66357
1.73333 0.84 2.85371
1.73333 0.86 3.05472
1.73333 0.88 3.26617
1.73333 0.9 3.48747
1.73333 0.92 3.71791
1.73333 0.94 3.95661
1.73333 0.96 4.20257
1.73333 0.98 4.45467
1.73333 1 1.76667

1.76667 0 1.76667
1.76667 0.02 1.70635
1.76667 0.04 1.64647
1.76667 0.06 1.5875
1.76667 0.08 1.52996
1.76667 0.1 1.47431
1.76667 0.12 1.42104
1.76667 0.14 1.37058
1.76667 0.16 1.32335
1.76667 0.18 1.27971
1.76667 0.2 1.24002
1.76667 0.22 1.20454
1.76667 0.24 1.17353
1.76667 0.26 1.14718
1.76667 0.28 1.12564
1.76667 0.3 1.10903
1.76667 0.32 1.09744
1.76667 0.34 1.09091
1.76667 0.36 1.0895
1.76667 0.38 1.09323
1.76667 0.4 1.10215
1.76667 0.42 1.1163
1.76667 0.44 1.13574
1.76667 0.46 1.16059
1.76667 0.48 1.19095
1.76667 0.5 1.22701
1.76667 0.52 1.26896
1.76667 0.54 1.31708
1.76667 0.56 1.37166
1.76667 0.58 1.43303
1.76667 0.6 1.50158
1.76667 0.62 1.5777
1.76667 0.64 1.66183
1.76667 0.66 1.75439
1.76667 0.68 1.85583
1.76667 0.7 1.96654
1.76667 0.72 2.08691
1.76667 0.74 2.21727
1.76667 0.76 2.35789
1.76667 0.78 2.50897
1.76667 0.8 2.67059
1.76667 0.82 2.84275
1.76667 0.84 3.02532
1.76667 0.86 3.21805
1.76667 0.88 3.42054
1.76667 0.9 3.63228
1.76667 0.92 3.85261
1.76667 0.94 4.08073
1.76667 0.96 4.31575
1.76667 0.98 4.55664
1.76667 1 1.8

1.8 0 1.8
1.8 0.02 1.75079
1.8 0.04 1.70203
1.8 0.06 1.65415
1.8 0.08 1.60761
1.8 0.1 1.56283
1.8 0.12 1.52023
1.8 0.14 1.48023
1.8 0.16 1.44318
1.8 0.18 1.40942
1.8 0.2 1.37926
1.8 0.22 1.35296
1.8 0.24 1.33074
1.8 0.26 1.31277
1.8 0.28 1.29921
1.8 0.3 1.29016
1.8 0.32 1.28571
1.8 0.34 1.2859
1.8 0.36 1.29078
1.8 0.38 1.3004
1.8 0.4 1.31478
1.8 0.42 1.33398
1.8 0.44 1.35806
1.8 0.46 1.3871
1.8 0.48 1.42123
1.8 0.5 1.46061
1.8 0.52 1.50541
1.8 0.54 1.55588
1.8 0.56 1.61229
1.8 0.58 1.67493
1.8 0.6 1.74415
1.8 0.62 1.82031
1.8 0.64 1.90379
1.8 0.66 1.99498
1.8 0.68 2.09427
1.8 0.7 2.20202
1.8 0.72 2.31859
1.8 0.74 2.44426
1.8 0.76 2.57929
1.8 0.78 2.72385
1.8 0.8 2.87803
1.8 0.82 3.04183
1.8 0.84 3.21514
1.8 0.86 3.39774
1.8 0.88 3.58929
1.8 0.9 3.78934
1.8 0.92 3.9973
1.8 0.94 4.21249
1.8 0.96 4.4341
1.8 0.98 4.66123
1.8 1 1.83333

1.83333 0 1.83333
1.83333 0.02 1.79667
1.83333 0.04 1.76048
1.83333 0.06 1.72515
1.83333 0.08 1.69107
1.83333 0.1 1.65861
1.83333 0.12 1.62814
1.83333 0.14 1.6
1.83333 0.16 1.57452
1.83333 0.18 1.552
1.83333 0.2 1.53269
1.83333 0.22 1.51683
1.83333 0.24 1.50461
1.83333 0.26 1.4962
1.83333 0.28 1.49173
1.83333 0.3 1.49128
1.83333 0.32 1.49495
1.83333 0.34 1.50278
1.83333 0.36 1.51482
1.83333 0.38 1.53111
1.83333 0.4 1.55168
1.83333 0.42 1.57659
1.83333 0.44 1.60588
1.83333 0.46 1.63965
1.83333 0.48 1.67799
1.83333 0.5 1.72106
1.83333 0.52 1.76901
1.83333 0.54 1.82204
1.83333 0.56 1.8804
1.83333 0.58 1.94436
1.83333 0.6 2.01419
1.83333 0.62 2.09023
1.83333 0.64 2.1728
1.83333 0.66 2.26224
1.83333 0.68 2.35889
1.83333 0.7 2.46307
1.83333 0.72 2.57508
1.83333 0.74 2.69518
1.83333 0.76 2.82359
1.83333 0.78 2.96046
1.83333 0.8 3.10588
1.83333 0.82 3.25985
1.83333 0.84 3.42229
1.83333 0.86 3.59301
1.83333 0.88 3.77173
1.83333 0.9 3.95807
1.83333 0.92 4.15153
1.83333 0.94 4.35152
1.83333 0.96 4.55738
1.83333 0.98 4.76832
1.83333 1 1.86667

1.86667 0 1.86667
1.86667 0.02 1.84383
1.86667 0.04 1.82152
1.86667 0.06 1.80005
1.86667 0.08 1.77974
1.86667 0.1 1.7609
1.86667 0.12 1.74385
1.86667 0.14 1.72885
1.86667 0.16 1.7162
1.86667 0.18 1.70612
1.86667 0.2 1.69885
1.86667 0.22 1.69458
1.86667 0.24 1.69348
1.86667 0.26 1.69567
1.86667 0.28 1.70129
1.86667 0.3 1.7104
1.86667 0.32 1.72309
1.86667 0.34 1.7394
1.86667 0.36 1.75938
1.86667 0.38 1.78306
1.86667 0.4 1.81048
1.86667 0.42 1.84169
1.86667 0.44 1.87674
1.86667 0.46 1.9157
1.86667 0.48 1.95866
1.86667 0.5 2.00575
1.86667 0.52 2.05711
1.86667 0.54 2.11291
1.86667 0.56 2.17334
1.86667 0.58 2.23864
1.86667 0.6 2.30904
1.86667 0.62 2.38481
1.86667 0.64 2.46623
1.86667 0.66 2.55357
1.86667 0.68 2.64713
1.86667 0.7 2.74717
1.86667 0.72 2.85394
1.86667 0.74 2.96767
1.86667 0.76 3.08852
1.86667 0.78 3.21665
1.86667 0.8 3.35212
1.86667 0.82 3.49494
1.86667 0.84 3.64506
1.86667 0.86 3.80232
1.86667 0.88 3.96651
1.86667 0.9 4.13731
1.86667 0.92 4.31434
1.86667 0.94 4.49712
1.86667 0.96 4.6851
1.86667 0.98 4.87766
1.86667 1 1.9

1.9 0 1.9
1.9 0.02 1.89206
1.9 0.04 1.88471
1.9 0.06 1.87819
1.9 0.08 1.87276
1.9 0.1 1.86864
1.9 0.12 1.86608
1.9 0.14 1.8653
1.9 0.16 1.86652
1.9 0.18 1.86993
1.9 0.2 1.8757
1.9 0.22 1.88399
1.9 0.24 1.89492
1.9 0.26 1.90863
1.9 0.28 1.92518
1.9 0.3 1.94467
1.9 0.32 1.96714
1.9 0.34 1.99264
1.9 0.36 2.02123
1.9 0.38 2.05292
1.9 0.4 2.08775
1.9 0.42 2.12577
1.9 0.44 2.16703
1.9 0.46 2.21158
1.9 0.48 2.25951
1.9 0.5 2.31092
1.9 0.52 2.36591
1.9 0.54 2.42462
1.9 0.56 2.48722
1.9 0.58 2.55388
1.9 0.6 2.62479
1.9 0.62 2.70017
1.9 0.64 2.78022
1.9 0.66 2.86518
1.9 0.68 2.95526
1.9 0.7 3.05068
1.9 0.72 3.15163
1.9 0.74 3.25829
1.9 0.76 3.3708
1.9 0.78 3.48928
1.9 0.8 3.6138
1.9 0.82 3.74436
1.9 0.84 3.88093
1.9 0.86 4.02341
1.9 0.88 4.17163
1.9 0.9 4.32538
1.9 0.92 4.48436
1.9 0.94 4.64821
1.9 0.96 4.81654
1.9 0.98 4.98889
1.9 1 1.93333

1.93333 0 1.93333
1.93333 0.02 1.94111
1.93333 0.04 1.94954
1.93333 0.06 1.9588
1.93333 0.08 1.96906
1.93333 0.1 1.98049
1.93333 0.12 1.99325
1.93333 0.14 2.00751
1.93333 0.16 2.02341
1.93333 0.18 2.04108
1.93333 0.2 2.06066
1.93333 0.22 2.08225
1.93333 0.24 2.10595
1.93333 0.26 2.13184
1.93333 0.28 2.16
1.93333 0.3 2.19047
1.93333 0.32 2.22332
1.93333 0.34 2.25858
1.93333 0.36 2.29628
1.93333 0.38 2.33646
1.93333 0.4 2.37914
1.93333 0.42 2.42437
1.93333 0.44 2.47219
1.93333 0.46 2.52265
1.93333 0.48 2.5758
1.93333 0.5 2.63173
1.93333 0.52 2.69052
1.93333 0.54 2.75227
1.93333 0.56 2.8171
1.93333 0.58 2.88513
1.93333 0.6 2.9565
1.93333 0.62 3.03137
1.93333 0.64 3.10989
1.93333 0.66 3.19222
1.93333 0.68 3.27851
1.93333 0.7 3.36892
1.93333 0.72 3.46359
1.93333 0.74 3.56266
1.93333 0.76 3.66622
1.93333 0.78 3.77437
1.93333 0.8 3.88716
1.93333 0.82 4.00461
1.93333 0.84 4.1267
1.93333 0.86 4.25339
1.93333 0.88 4.38457
1.93333 0.9 4.5201
1.93333 0.92 4.65981
1.93333 0.94 4.80346
1.93333 0.96 4.95081
1.93333 0.98 5.10154
1.93333 1 1.96667

1.96667 0 1.96667
1.96667 0.02 1.99066
1.96667 0.04 2.01539
1.96667 0.06 2.04095
1.96667 0.08 2.06744
1.96667 0.1 2.09494
1.96667 0.12 2.12355
1.96667 0.14 2.15335
1.96667 0.16 2.18444
1.96667 0.18 2.21688
1.96667 0.2 2.25076
1.96667 0.22 2.28613
1.96667 0.24 2.32306
1.96667 0.26 2.36159
1.96667 0.28 2.40178
1.96667 0.3 2.44366
1.96667 0.32 2.48727
1.96667 0.34 2.53264
1.96667 0.36 2.5798
1.96667 0.38 2.62878
1.96667 0.4 2.6796
1.96667 0.42 2.7323
1.96667 0.44 2.78691
1.96667 0.46 2.84346
1.96667 0.48 2.90201
1.96667 0.5 2.9626
1.96667 0.52 3.02529
1.96667 0.54 3.09014
1.96667 0.56 3.15722
1.96667 0.58 3.22662
1.96667 0.6 3.29841
1.96667 0.62 3.37268
1.96667 0.64 3.44953
1.96667 0.66 3.52906
1.96667 0.68 3.61134
1.96667 0.7 3.69649
1.96667 0.72 3.78458
1.96667 0.74 3.8757
1.96667 0.76 3.96991
1.96667 0.78 4.06727
1.96667 0.8 4.16784
1.96667 0.82 4.27163
1.96667 0.84 4.37865
1.96667 0.86 4.48891
1.96667 0.88 4.60236
1.96667 0.9 4.71896
1.96667 0.92 4.83863
1.96667 0.94 4.96128
1.96667 0.96 5.08681
1.96667 0.98 5.21508
1.96667 1 2

2 0 2
2 0.02 2.0404
2 0.04 2.08162
2 0.06 2.12367
2 0.08 2.16657
2 0.1 2.21034
2 0.12 2.25499
2 0.14 2.30055
2 0.16 2.34702
2 0.18 2.39443
2 0.2 2.44281
2 0.22 2.49215
2 0.24 2.5425
2 0.26 2.59386
2 0.28 2.64626
2 0.3 2.69972
2 0.32 2.75426
2 0.34 2.8099
2 0.36 2.86666
2 0.38 2.92457
2 0.4 2.98365
2 0.42 3.04392
2 0.44 3.10541
2 0.46 3.16815
2 0.48 3.23215
2 0.5 3.29744
2 0.52 3.36406
2 0.54 3.43201
2 0.56 3.50135
2 0.58 3.57208
2 0.6 3.64424
2 0.62 3.71786
2 0.64 3.79296
2 0.66 3.86958
2 0.68 3.94776
2 0.7 4.02751
2 0.72 4.10887
2 0.74 4.19187
2 0.76 4.27655
2 0.78 4.36294
2 0.8 4.45108
2 0.82 4.541
2 0.84 4.63273
2 0.86 4.72632
2 0.88 4.8218
2 0.9 4.91921
2 0.92 5.01858
2 0.94 5.11996
2 0.96 5.22339
2 0.98 5.32891
2 1 5.43656

